262,510,448,422
262,510,471,392
262,510,507,219
262,510,505,206
262,510,502,194
262,510,501,188
262,510,499,182
262,510,497,176
262,510,142,483
262,510,231,509
268,510,281,509
268,510,376,480
268,510,460,407
268,510,493,347
268,510,495,342
268,510,509,281
268,510,501,188
268,510,495,170
268,510,231,509
275,509,507,293
275,509,509,281
275,509,510,268
275,509,497,176
275,509,495,170
281,509,312,504
281,509,431,440
281,509,477,381
281,509,504,312
281,509,508,287
281,509,493,165
281,509,225,508
287,508,474,387
287,508,510,244
287,508,493,165
287,508,219,507
293,507,213,506
299,506,452,417
299,506,510,250
299,506,508,225
299,506,507,219
299,506,125,474
299,506,206,505
306,505,324,501
306,505,365,486
306,505,436,436
306,505,509,237
306,505,509,231
306,505,90,448
306,505,194,502
306,505,200,504
312,504,353,491
312,504,32,376
312,504,95,452
312,504,131,477
312,504,159,491
312,504,188,501
318,502,471,392
318,502,502,194
318,502,499,182
318,502,497,176
318,502,488,153
318,502,136,480
318,502,182,499
318,502,188,501
324,501,342,495
324,501,502,194
324,501,495,170
324,501,142,483
324,501,170,495
324,501,182,499
330,499,85,444
330,499,110,464
330,499,153,488
330,499,170,495
336,497,483,142
336,497,52,407
336,497,131,477
336,497,147,486
342,495,353,491
342,495,365,486
342,495,504,200
342,495,486,147
342,495,477,131
342,495,38,387
342,495,52,407
342,495,95,452
342,495,115,467
342,495,136,480
342,495,176,497
347,493,444,427
347,493,501,188
347,493,493,165
347,493,488,153
347,493,480,136
347,493,474,125
347,493,41,392
347,493,95,452
347,493,182,499
347,493,250,510
353,491,365,486
353,491,402,464
353,491,501,188
353,491,41,392
353,491,48,402
353,491,120,471
353,491,136,480
353,491,159,491
353,491,176,497
359,488,483,142
359,488,471,120
359,488,45,397
359,488,60,417
359,488,105,460
359,488,125,474
359,488,159,491
365,486,387,474
365,486,392,471
365,486,474,125
365,486,412,56
365,486,407,52
365,486,56,412
365,486,100,456
365,486,105,460
365,486,142,483
365,486,165,493
365,486,200,504
365,486,244,510
370,483,464,402
370,483,505,206
370,483,488,153
370,483,477,131
370,483,467,115
370,483,407,52
370,483,402,48
370,483,81,440
370,483,110,464
370,483,131,477
370,483,153,488
370,483,165,493
370,483,182,499
370,483,188,501
370,483,237,509
376,480,436,436
376,480,502,318
376,480,504,200
376,480,491,159
376,480,460,105
376,480,402,48
376,480,397,45
376,480,392,41
376,480,85,444
376,480,131,477
376,480,147,486
376,480,206,505
381,477,456,412
381,477,493,165
381,477,471,120
381,477,460,105
381,477,392,41
381,477,387,38
381,477,64,422
381,477,115,467
381,477,136,480
381,477,170,495
381,477,231,509
387,474,431,440
387,474,505,206
387,474,495,170
387,474,464,110
387,474,456,100
387,474,452,95
387,474,387,38
387,474,381,35
387,474,376,32
387,474,52,407
387,474,81,440
387,474,90,448
387,474,115,467
387,474,136,480
387,474,153,488
387,474,170,495
387,474,206,505
392,471,402,464
392,471,427,444
392,471,499,330
392,471,499,182
392,471,456,100
392,471,370,29
392,471,52,407
392,471,68,427
392,471,100,456
392,471,115,467
392,471,153,488
392,471,159,491
397,467,381,35
397,467,365,26
397,467,359,24
397,467,56,412
397,467,72,431
397,467,85,444
397,467,105,460
397,467,115,467
397,467,120,471
397,467,125,474
397,467,142,483
402,464,422,448
402,464,480,376
402,464,507,219
402,464,491,159
402,464,486,147
402,464,448,90
402,464,370,29
402,464,359,24
402,464,353,21
402,464,336,15
402,464,11,324
402,464,48,402
402,464,56,412
402,464,64,422
402,464,81,440
402,464,85,444
402,464,95,452
402,464,105,460
402,464,120,471
402,464,142,483
402,464,176,497
407,460,508,287
407,460,504,200
407,460,452,95
407,460,448,90
407,460,370,29
407,460,365,26
407,460,353,21
407,460,347,19
407,460,342,17
407,460,330,13
407,460,324,11
407,460,11,324
407,460,13,330
407,460,60,417
407,460,68,427
407,460,76,436
407,460,81,440
407,460,90,448
407,460,100,456
407,460,125,474
407,460,159,491
407,460,176,497
412,456,456,100
412,456,444,85
412,456,431,72
412,456,359,24
412,456,353,21
412,456,347,19
412,456,342,17
412,456,336,15
412,456,330,13
412,456,318,10
412,456,312,8
412,456,13,330
412,456,52,407
412,456,68,427
412,456,90,448
412,456,110,464
412,456,125,474
412,456,131,477
412,456,147,486
412,456,176,497
412,456,231,509
417,452,483,142
417,452,440,81
417,452,353,21
417,452,347,19
417,452,342,17
417,452,336,15
417,452,306,7
417,452,299,6
417,452,13,330
417,452,64,422
417,452,90,448
417,452,95,452
417,452,219,507
422,448,480,376
422,448,460,105
422,448,436,76
422,448,336,15
422,448,330,13
422,448,318,10
422,448,287,4
422,448,281,3
422,448,6,299
422,448,13,330
422,448,90,448
422,448,105,460
422,448,115,467
422,448,125,474
422,448,147,486
422,448,153,488
422,448,165,493
422,448,182,499
422,448,231,509
427,444,436,436
427,444,464,110
427,444,436,76
427,444,417,60
427,444,330,13
427,444,324,11
427,444,318,10
427,444,312,8
427,444,306,7
427,444,299,6
427,444,287,4
427,444,281,3
427,444,275,3
427,444,15,336
427,444,56,412
427,444,60,417
427,444,85,444
427,444,90,448
427,444,115,467
427,444,131,477
427,444,136,480
427,444,153,488
427,444,225,508
431,440,471,392
431,440,497,176
431,440,444,85
431,440,427,68
431,440,422,64
431,440,412,56
431,440,407,52
431,440,324,11
431,440,318,10
431,440,312,8
431,440,306,7
431,440,299,6
431,440,293,5
431,440,287,4
431,440,275,3
431,440,268,2
431,440,7,306
431,440,15,336
431,440,64,422
431,440,68,427
431,440,85,444
431,440,95,452
431,440,100,456
431,440,131,477
431,440,136,480
436,436,444,427
436,436,471,392
436,436,504,200
436,436,464,110
436,436,431,72
436,436,422,64
436,436,402,48
436,436,318,10
436,436,312,8
436,436,306,7
436,436,299,6
436,436,293,5
436,436,281,3
436,436,275,3
436,436,7,306
436,436,17,342
436,436,60,417
436,436,72,431
436,436,76,436
436,436,81,440
436,436,95,452
436,436,110,464
436,436,131,477
436,436,165,493
436,436,182,499
436,436,200,504
440,431,452,95
440,431,440,81
440,431,417,60
440,431,312,8
440,431,306,7
440,431,299,6
440,431,287,4
440,431,281,3
440,431,275,3
440,431,268,2
440,431,8,312
440,431,17,342
440,431,60,417
440,431,72,431
440,431,85,444
440,431,90,448
440,431,120,471
440,431,136,480
444,427,464,402
444,427,499,182
444,427,464,110
444,427,456,100
444,427,431,72
444,427,417,60
444,427,412,56
444,427,407,52
444,427,402,48
444,427,397,45
444,427,387,38
444,427,306,7
444,427,299,6
444,427,293,5
444,427,287,4
444,427,281,3
444,427,275,3
444,427,268,2
444,427,262,2
444,427,8,312
444,427,17,342
444,427,60,417
444,427,68,427
444,427,72,431
444,427,85,444
444,427,100,456
444,427,105,460
444,427,159,491
448,422,506,213
448,422,474,125
448,422,448,90
448,422,427,68
448,422,407,52
448,422,381,35
448,422,293,5
448,422,287,4
448,422,281,3
448,422,275,3
448,422,268,2
448,422,8,312
448,422,10,318
448,422,17,342
448,422,19,347
448,422,64,422
448,422,72,431
448,422,81,440
448,422,95,452
448,422,115,467
448,422,136,480
452,417,501,188
452,417,471,120
452,417,464,110
452,417,431,72
452,417,427,68
452,417,417,60
452,417,407,52
452,417,402,48
452,417,387,38
452,417,376,32
452,417,370,29
452,417,281,3
452,417,275,3
452,417,268,2
452,417,262,2
452,417,10,318
452,417,19,347
452,417,68,427
452,417,76,436
452,417,85,444
452,417,95,452
452,417,105,460
452,417,125,474
452,417,188,501
456,412,509,231
456,412,436,76
456,412,422,64
456,412,392,41
456,412,387,38
456,412,376,32
456,412,275,3
456,412,268,2
456,412,262,2
456,412,256,2
456,412,10,318
456,412,11,324
456,412,19,347
456,412,72,431
456,412,76,436
456,412,81,440
456,412,95,452
456,412,170,495
460,407,471,392
460,407,508,225
460,407,427,68
460,407,417,60
460,407,412,56
460,407,397,45
460,407,387,38
460,407,359,24
460,407,262,2
460,407,11,324
460,407,19,347
460,407,21,353
460,407,64,422
460,407,68,427
460,407,72,431
460,407,105,460
460,407,142,483
464,402,493,347
464,402,464,110
464,402,436,76
464,402,431,72
464,402,417,60
464,402,381,35
464,402,376,32
464,402,353,21
464,402,342,17
464,402,11,324
464,402,13,330
464,402,21,353
464,402,81,440
464,402,100,456
464,402,237,509
467,397,509,237
467,397,471,120
467,397,440,81
467,397,402,48
467,397,376,32
467,397,359,24
467,397,347,19
467,397,11,324
467,397,13,330
467,397,21,353
467,397,76,436
467,397,85,444
467,397,90,448
467,397,95,452
467,397,110,464
467,397,115,467
467,397,131,477
467,397,237,509
471,392,486,365
471,392,510,262
471,392,460,105
471,392,448,90
471,392,431,72
471,392,392,41
471,392,365,26
471,392,359,24
471,392,353,21
471,392,318,10
471,392,13,330
471,392,21,353
471,392,24,359
471,392,72,431
471,392,76,436
471,392,90,448
471,392,147,486
471,392,219,507
474,387,486,365
474,387,510,244
474,387,488,153
474,387,464,110
474,387,440,81
474,387,359,24
474,387,347,19
474,387,336,15
474,387,330,13
474,387,306,7
474,387,13,330
474,387,15,336
474,387,24,359
474,387,68,427
474,387,81,440
474,387,85,444
474,387,105,460
474,387,147,486
477,381,505,206
477,381,444,85
477,381,407,52
477,381,365,26
477,381,359,24
477,381,336,15
477,381,318,10
477,381,299,6
477,381,13,330
477,381,15,336
477,381,24,359
477,381,81,440
477,381,95,452
480,376,491,353
480,376,504,312
480,376,474,125
480,376,422,64
480,376,397,45
480,376,381,35
480,376,370,29
480,376,347,19
480,376,318,10
480,376,312,8
480,376,306,7
480,376,299,6
480,376,293,5
480,376,281,3
480,376,15,336
480,376,24,359
480,376,72,431
480,376,81,440
480,376,90,448
480,376,100,456
480,376,105,460
480,376,125,474
483,370,499,182
483,370,495,170
483,370,448,90
483,370,440,81
483,370,417,60
483,370,402,48
483,370,397,45
483,370,392,41
483,370,381,35
483,370,376,32
483,370,353,21
483,370,347,19
483,370,336,15
483,370,324,11
483,370,318,10
483,370,312,8
483,370,299,6
483,370,287,4
483,370,281,3
483,370,275,3
483,370,15,336
483,370,17,342
483,370,26,365
483,370,72,431
483,370,85,444
483,370,110,464
483,370,115,467
483,370,153,488
486,365,495,342
486,365,501,324
486,365,483,142
486,365,456,100
486,365,444,85
486,365,412,56
486,365,370,29
486,365,353,21
486,365,318,10
486,365,312,8
486,365,306,7
486,365,268,2
486,365,256,2
486,365,15,336
486,365,17,342
486,365,26,365
486,365,72,431
486,365,81,440
486,365,85,444
486,365,95,452
486,365,100,456
486,365,105,460
486,365,110,464
486,365,153,488
486,365,225,508
488,359,493,165
488,359,464,110
488,359,370,29
488,359,342,17
488,359,336,15
488,359,330,13
488,359,312,8
488,359,299,6
488,359,293,5
488,359,287,4
488,359,275,3
488,359,268,2
488,359,262,2
488,359,256,2
488,359,250,2
488,359,244,2
488,359,17,342
488,359,19,347
488,359,26,365
488,359,76,436
488,359,81,440
488,359,85,444
488,359,95,452
488,359,105,460
488,359,110,464
488,359,244,510
491,353,495,342
491,353,499,330
491,353,471,120
491,353,467,115
491,353,431,72
491,353,427,68
491,353,417,60
491,353,397,45
491,353,376,32
491,353,359,24
491,353,330,13
491,353,324,11
491,353,318,10
491,353,299,6
491,353,281,3
491,353,268,2
491,353,262,2
491,353,244,2
491,353,237,3
491,353,17,342
491,353,19,347
491,353,76,436
491,353,81,440
491,353,85,444
491,353,90,448
491,353,95,452
491,353,105,460
491,353,237,509
491,353,250,510
493,347,499,182
493,347,448,90
493,347,431,72
493,347,306,7
493,347,287,4
493,347,281,3
493,347,268,2
493,347,262,2
493,347,256,2
493,347,250,2
493,347,237,3
493,347,231,3
493,347,19,347
493,347,29,370
493,347,76,436
493,347,81,440
493,347,85,444
493,347,100,456
493,347,105,460
493,347,115,467
493,347,120,471
493,347,125,474
493,347,131,477
493,347,244,510
495,342,474,125
495,342,452,95
495,342,427,68
495,342,392,41
495,342,347,19
495,342,342,17
495,342,293,5
495,342,268,2
495,342,256,2
495,342,244,2
495,342,231,3
495,342,19,347
495,342,21,353
495,342,76,436
495,342,81,440
495,342,85,444
495,342,100,456
495,342,105,460
495,342,115,467
497,336,504,312
497,336,510,262
497,336,486,147
497,336,471,120
497,336,460,105
497,336,456,100
497,336,422,64
497,336,359,24
497,336,330,13
497,336,312,8
497,336,299,6
497,336,287,4
497,336,250,2
497,336,244,2
497,336,237,3
497,336,231,3
497,336,19,347
497,336,21,353
497,336,76,436
497,336,81,440
497,336,85,444
497,336,90,448
497,336,95,452
497,336,115,467
497,336,120,471
499,330,474,125
499,330,431,72
499,330,427,68
499,330,412,56
499,330,324,11
499,330,299,6
499,330,268,2
499,330,231,3
499,330,225,4
499,330,81,440
499,330,85,444
499,330,90,448
499,330,95,452
499,330,105,460
499,330,110,464
499,330,142,483
499,330,182,499
501,324,504,312
501,324,507,219
501,324,486,147
501,324,477,131
501,324,464,110
501,324,436,76
501,324,402,48
501,324,370,29
501,324,342,17
501,324,299,6
501,324,275,3
501,324,237,3
501,324,231,3
501,324,81,440
501,324,85,444
501,324,125,474
501,324,136,480
501,324,159,491
502,318,488,153
502,318,480,136
502,318,347,19
502,318,342,17
502,318,237,3
502,318,225,4
502,318,219,5
502,318,81,440
502,318,85,444
502,318,90,448
502,318,100,456
502,318,105,460
502,318,110,464
502,318,115,467
502,318,120,471
502,318,125,474
502,318,136,480
502,318,159,491
504,312,509,281
504,312,491,159
504,312,407,52
504,312,370,29
504,312,299,6
504,312,287,4
504,312,256,2
504,312,250,2
504,312,81,440
504,312,85,444
504,312,90,448
504,312,95,452
504,312,100,456
504,312,105,460
504,312,120,471
504,312,188,501
505,306,510,268
505,306,497,176
505,306,474,125
505,306,417,60
505,306,387,38
505,306,359,24
505,306,312,8
505,306,306,7
505,306,213,6
505,306,81,440
505,306,85,444
505,306,90,448
505,306,95,452
505,306,100,456
505,306,110,464
505,306,120,471
505,306,188,501
506,299,501,188
506,299,477,131
506,299,440,81
506,299,392,41
506,299,370,29
506,299,318,10
506,299,219,5
506,299,213,6
506,299,85,444
506,299,90,448
506,299,95,452
506,299,100,456
506,299,110,464
506,299,131,477
507,293,460,105
507,293,392,41
507,293,370,29
507,293,330,13
507,293,287,4
507,293,206,7
507,293,85,444
507,293,90,448
507,293,95,452
507,293,100,456
507,293,105,460
507,293,115,467
507,293,125,474
507,293,131,477
507,293,147,486
508,287,452,95
508,287,448,90
508,287,427,68
508,287,422,64
508,287,397,45
508,287,213,6
508,287,206,7
508,287,85,444
508,287,90,448
508,287,95,452
508,287,100,456
508,287,105,460
508,287,110,464
508,287,125,474
508,287,147,486
508,287,176,497
509,281,510,268
509,281,464,110
509,281,460,105
509,281,436,76
509,281,213,6
509,281,206,7
509,281,85,444
509,281,90,448
509,281,95,452
509,281,100,456
509,281,105,460
509,281,110,464
509,281,115,467
509,281,125,474
509,281,131,477
509,281,142,483
509,281,159,491
509,275,510,244
509,275,474,125
509,275,431,72
509,275,387,38
509,275,200,8
509,275,95,452
509,275,100,456
509,275,105,460
509,275,110,464
509,275,115,467
509,275,120,471
509,275,125,474
509,275,142,483
509,275,188,501
510,268,499,182
510,268,477,131
510,268,467,115
510,268,456,100
510,268,436,76
510,268,347,19
510,268,213,6
510,268,200,8
510,268,11,188
510,268,105,460
510,268,110,464
510,268,120,471
510,268,194,502
510,268,225,508
510,262,483,142
510,262,237,3
510,262,200,8
510,262,194,10
510,262,11,188
510,262,8,200
510,262,7,206
510,262,120,471
510,262,136,480
510,262,200,504
510,262,237,509
510,256,486,147
510,256,477,131
510,256,347,19
510,256,336,15
510,256,213,6
510,256,206,7
510,256,200,8
510,256,194,10
510,256,188,11
510,256,10,194
510,256,8,200
510,256,5,219
510,256,131,477
510,256,136,480
510,250,365,26
510,250,206,7
510,250,194,10
510,250,8,200
510,250,6,213
510,250,5,219
510,250,4,225
510,250,3,231
510,250,136,480
510,244,509,231
510,244,504,200
510,244,480,136
510,244,237,3
510,244,213,6
510,244,200,8
510,244,194,10
510,244,10,194
510,244,8,200
510,244,6,213
510,244,4,225
510,244,3,231
510,244,170,495
510,244,194,502
510,244,237,509
509,237,488,153
509,237,402,48
509,237,262,2
509,237,194,10
509,237,188,11
509,237,5,219
509,237,4,225
509,237,3,237
509,237,165,493
509,237,182,499
509,237,194,502
509,237,231,509
509,231,505,206
509,231,501,188
509,231,312,8
509,231,182,13
509,231,8,200
509,231,7,206
509,231,6,213
509,231,5,219
509,231,3,231
509,231,3,237
509,231,182,499
509,231,194,502
509,231,225,508
509,231,250,510
508,225,237,3
508,225,194,10
508,225,182,13
508,225,8,200
508,225,6,213
508,225,4,225
508,225,3,231
508,225,3,237
508,225,182,499
508,225,194,502
508,225,213,506
508,225,244,510
508,225,250,510
508,225,256,510
507,219,287,4
507,219,244,2
507,219,176,15
507,219,4,225
507,219,3,237
507,219,194,502
507,219,213,506
507,219,237,509
507,219,244,510
506,213,495,170
506,213,440,81
506,213,342,17
506,213,324,11
506,213,213,6
506,213,176,15
506,213,7,206
506,213,5,219
506,213,3,231
506,213,3,237
506,213,200,504
506,213,237,509
506,213,250,510
505,206,504,200
505,206,170,17
505,206,6,213
505,206,5,219
505,206,3,231
505,206,206,505
504,200,501,188
504,200,359,24
504,200,165,19
504,200,6,213
504,200,5,219
504,200,4,225
504,200,2,244
504,200,219,507
504,200,231,509
504,200,244,510
504,200,250,510
502,194,376,32
502,194,219,5
502,194,206,7
502,194,194,10
502,194,165,19
502,194,159,21
502,194,6,213
502,194,5,219
502,194,4,225
502,194,3,237
502,194,219,507
502,194,237,509
502,194,244,510
502,194,256,510
501,188,491,159
501,188,213,6
501,188,200,8
501,188,147,26
501,188,3,231
501,188,3,237
501,188,2,250
501,188,237,509
501,188,244,510
499,182,407,52
499,182,194,10
499,182,142,29
499,182,5,219
499,182,3,231
499,182,2,244
499,182,244,510
499,182,250,510
499,182,256,510
497,176,422,64
497,176,225,4
497,176,194,10
497,176,147,26
497,176,2,256
497,176,256,510
495,170,491,159
495,170,486,147
495,170,182,13
495,170,142,29
495,170,4,225
495,170,3,231
495,170,3,237
495,170,2,250
495,170,2,256
493,165,206,7
493,165,136,32
493,165,3,231
493,165,3,237
493,165,2,262
491,159,486,147
491,159,474,125
491,159,460,105
491,159,213,6
491,159,131,35
491,159,125,38
491,159,3,231
491,159,2,244
488,153,125,38
488,153,2,244
486,147,480,136
486,147,471,120
486,147,225,4
486,147,165,19
486,147,120,41
486,147,2,262
486,147,2,268
483,142,125,38
483,142,115,45
480,136,219,5
480,136,115,45
480,136,110,48
480,136,2,268
477,131,440,81
477,131,105,52
474,125,427,68
474,125,299,6
474,125,136,32
474,125,100,56
474,125,95,60
471,120,464,110
471,120,448,90
471,120,188,11
471,120,136,32
471,120,115,45
471,120,110,48
471,120,90,64
471,120,85,68
467,115,194,10
467,115,182,13
467,115,131,35
467,115,115,45
467,115,100,56
467,115,85,68
464,110,444,85
464,110,200,8
464,110,136,32
464,110,85,68
464,110,76,76
460,105,159,21
460,105,115,45
460,105,85,68
460,105,76,76
460,105,72,81
460,105,68,85
456,100,194,10
456,100,95,60
456,100,76,76
456,100,68,85
452,95,182,13
452,95,142,29
452,95,131,35
452,95,115,45
452,95,85,68
452,95,64,90
452,95,60,95
448,90,392,41
448,90,213,6
448,90,176,15
448,90,76,76
448,90,72,81
448,90,68,85
448,90,60,95
448,90,56,100
444,85,436,76
444,85,206,7
444,85,136,32
444,85,95,60
444,85,76,76
444,85,64,90
444,85,60,95
444,85,56,100
440,81,381,35
440,81,125,38
440,81,115,45
440,81,100,56
440,81,85,68
440,81,68,85
440,81,60,95
440,81,56,100
440,81,52,105
436,76,427,68
436,76,402,48
436,76,381,35
436,76,206,7
436,76,90,64
436,76,72,81
436,76,68,85
436,76,64,90
436,76,52,105
436,76,48,110
431,72,275,3
431,72,120,41
431,72,105,52
431,72,95,60
431,72,76,76
431,72,60,95
431,72,52,105
427,68,407,52
427,68,392,41
427,68,170,17
427,68,125,38
427,68,100,56
427,68,85,68
427,68,56,100
427,68,45,115
422,64,182,13
422,64,81,72
422,64,60,95
422,64,45,115
417,60,182,13
417,60,131,35
417,60,90,64
417,60,76,76
417,60,64,90
417,60,60,95
417,60,45,115
417,60,41,120
412,56,100,56
412,56,85,68
412,56,81,72
412,56,68,85
412,56,64,90
412,56,48,110
412,56,45,115
412,56,41,120
412,56,38,125
407,52,392,41
407,52,206,7
407,52,200,8
407,52,95,60
407,52,72,81
407,52,52,105
407,52,38,125
402,48,359,24
402,48,159,21
402,48,120,41
402,48,105,52
402,48,100,56
402,48,76,76
402,48,64,90
402,48,56,100
402,48,45,115
397,45,165,19
397,45,105,52
397,45,85,68
397,45,45,115
397,45,35,131
392,41,365,26
392,41,312,8
392,41,194,10
392,41,170,17
392,41,105,52
392,41,81,72
392,41,64,90
392,41,41,120
392,41,32,136
387,38,365,26
387,38,206,7
387,38,200,8
387,38,110,48
387,38,90,64
387,38,85,68
387,38,76,76
387,38,72,81
387,38,60,95
387,38,29,142
381,35,213,6
381,35,176,15
381,35,115,45
381,35,95,60
381,35,48,110
381,35,32,136
381,35,29,142
381,35,26,147
376,32,219,5
376,32,115,45
376,32,100,56
376,32,85,68
376,32,68,85
376,32,52,105
376,32,35,131
370,29,312,8
370,29,225,4
370,29,115,45
370,29,105,52
370,29,48,110
370,29,38,125
370,29,32,136
365,26,353,21
365,26,330,13
365,26,182,13
365,26,159,21
365,26,45,115
365,26,41,120
365,26,26,147
359,24,244,2
359,24,188,11
359,24,147,26
359,24,110,48
359,24,85,68
359,24,35,131
359,24,26,147
359,24,21,159
353,21,342,17
353,21,336,15
353,21,324,11
353,21,170,17
353,21,115,45
353,21,68,85
353,21,35,131
347,19,219,5
347,19,142,29
347,19,105,52
347,19,52,105
347,19,21,159
347,19,19,165
342,17,244,2
342,17,225,4
342,17,105,52
342,17,56,100
342,17,38,125
342,17,35,131
336,15,312,8
336,15,231,3
336,15,136,32
336,15,76,76
336,15,60,95
336,15,52,105
336,15,21,159
330,13,250,2
330,13,90,64
330,13,81,72
330,13,64,90
330,13,38,125
330,13,24,153
330,13,17,170
324,11,281,3
324,11,100,56
324,11,72,81
318,10,125,38
318,10,95,60
318,10,48,110
318,10,29,142
318,10,21,159
318,10,13,182
312,8,281,3
312,8,125,38
312,8,120,41
312,8,76,76
312,8,64,90
312,8,11,188
306,7,142,29
306,7,125,38
306,7,19,165
306,7,11,188
306,7,10,194
299,6,131,35
299,6,56,100
299,6,29,142
299,6,11,188
299,6,8,200
293,5,268,2
293,5,147,26
293,5,60,95
293,5,11,188
293,5,8,200
293,5,7,206
287,4,159,21
287,4,115,45
287,4,105,52
287,4,68,85
287,4,56,100
287,4,8,200
281,3,268,2
281,3,250,2
281,3,182,13
281,3,125,38
281,3,120,41
281,3,110,48
281,3,105,52
281,3,100,56
281,3,64,90
281,3,56,100
281,3,10,194
275,3,131,35
275,3,26,147
275,3,5,219
268,2,136,32
268,2,131,35
262,2,153,24
262,2,142,29
262,2,100,56
262,2,15,176
262,2,8,200
262,2,3,231
256,2,147,26
250,2,159,21
250,2,4,225
250,2,3,237
244,2,231,3
244,2,188,11
244,2,81,72
244,2,10,194
237,3,115,45
237,3,64,90
237,3,2,256
237,3,2,262
231,3,200,8
231,3,125,38
231,3,2,256
231,3,2,268
225,4,170,17
213,6,170,17
213,6,76,76
206,7,200,8
200,8,188,11
200,8,120,41
194,10,5,293
188,11,159,21
188,11,52,105
188,11,4,287
188,11,11,324
188,11,13,330
182,13,10,318
182,13,15,336
182,13,17,342
176,15,41,120
176,15,15,336
176,15,17,342
170,17,159,21
170,17,147,26
170,17,3,281
170,17,21,353
170,17,24,359
165,19,3,281
165,19,8,312
165,19,10,318
165,19,15,336
165,19,21,353
165,19,24,359
165,19,26,365
159,21,147,26
159,21,125,38
159,21,110,48
159,21,24,359
153,24,35,381
147,26,136,32
147,26,120,41
147,26,17,342
147,26,32,376
147,26,35,381
147,26,38,387
147,26,41,392
142,29,35,381
142,29,45,397
136,32,26,365
136,32,38,387
136,32,48,402
136,32,52,407
131,35,76,76
131,35,13,330
131,35,32,376
131,35,41,392
131,35,45,397
125,38,7,206
125,38,56,412
125,38,60,417
125,38,64,422
120,41,110,48
120,41,64,90
120,41,32,376
120,41,41,392
120,41,56,412
115,45,35,131
115,45,60,417
115,45,64,422
115,45,76,436
115,45,81,440
115,45,95,452
110,48,85,68
110,48,76,76
110,48,2,244
110,48,19,347
110,48,38,387
110,48,52,407
110,48,56,412
110,48,68,427
110,48,76,436
110,48,81,440
110,48,90,448
110,48,105,460
105,52,17,342
105,52,35,381
105,52,41,392
105,52,81,440
105,52,100,456
100,56,29,142
100,56,2,268
100,56,6,299
100,56,11,324
100,56,45,397
100,56,52,407
100,56,60,417
100,56,64,422
100,56,85,444
100,56,90,448
100,56,95,452
100,56,100,456
100,56,105,460
100,56,110,464
95,60,15,336
95,60,32,376
95,60,38,387
95,60,56,412
95,60,76,436
95,60,81,440
95,60,95,452
95,60,100,456
95,60,105,460
95,60,110,464
95,60,115,467
90,64,19,347
90,64,52,407
90,64,72,431
90,64,95,452
90,64,100,456
90,64,105,460
90,64,110,464
90,64,115,467
90,64,120,471
85,68,76,76
85,68,35,131
85,68,11,324
85,68,19,347
85,68,45,397
85,68,90,448
85,68,95,452
85,68,105,460
85,68,110,464
85,68,115,467
85,68,120,471
81,72,38,125
81,72,8,312
81,72,45,397
81,72,52,407
81,72,76,436
81,72,85,444
81,72,90,448
81,72,100,456
81,72,105,460
81,72,110,464
81,72,115,467
81,72,120,471
81,72,125,474
76,76,68,85
76,76,41,120
76,76,35,131
76,76,15,336
76,76,48,402
76,76,64,422
76,76,68,427
76,76,76,436
76,76,90,448
76,76,95,452
76,76,100,456
76,76,105,460
76,76,110,464
76,76,120,471
76,76,125,474
72,81,24,359
72,81,72,431
72,81,95,452
72,81,105,460
72,81,110,464
72,81,115,467
72,81,120,471
68,85,48,110
68,85,48,402
68,85,56,412
68,85,76,436
68,85,85,444
68,85,90,448
68,85,95,452
68,85,100,456
68,85,105,460
68,85,110,464
68,85,115,467
68,85,120,471
68,85,125,474
64,90,11,324
64,90,35,381
64,90,52,407
64,90,60,417
64,90,64,422
64,90,72,431
64,90,81,440
64,90,85,444
64,90,90,448
64,90,95,452
64,90,100,456
64,90,105,460
64,90,120,471
64,90,131,477
60,95,17,342
60,95,48,402
60,95,56,412
60,95,60,417
60,95,68,427
60,95,76,436
60,95,85,444
60,95,90,448
60,95,95,452
56,100,45,397
56,100,48,402
56,100,56,412
56,100,64,422
56,100,72,431
56,100,81,440
56,100,90,448
56,100,100,456
56,100,125,474
52,105,29,370
52,105,32,376
52,105,38,387
52,105,41,392
52,105,45,397
52,105,52,407
52,105,68,427
52,105,76,436
52,105,90,448
52,105,136,480
48,110,41,120
48,110,21,159
48,110,29,370
48,110,45,397
48,110,72,431
48,110,81,440
48,110,85,444
48,110,105,460
48,110,136,480
45,115,17,342
45,115,21,353
45,115,26,365
45,115,38,387
45,115,64,422
45,115,76,436
45,115,136,480
41,120,26,147
41,120,19,347
41,120,41,392
41,120,52,407
41,120,56,412
41,120,60,417
41,120,72,431
41,120,81,440
41,120,85,444
41,120,90,448
41,120,110,464
41,120,125,474
41,120,131,477
41,120,136,480
38,125,26,147
38,125,21,159
38,125,13,182
38,125,15,336
38,125,35,381
38,125,45,397
38,125,48,402
38,125,68,427
38,125,85,444
38,125,136,480
38,125,142,483
35,131,15,336
35,131,41,392
35,131,45,397
35,131,64,422
35,131,76,436
35,131,81,440
35,131,90,448
35,131,115,467
32,136,13,330
32,136,38,387
32,136,60,417
32,136,72,431
32,136,85,444
29,142,3,231
29,142,13,330
29,142,32,376
29,142,38,387
29,142,45,397
29,142,56,412
29,142,64,422
29,142,68,427
29,142,81,440
26,147,21,159
26,147,8,200
26,147,3,281
26,147,10,318
26,147,29,370
26,147,38,387
26,147,45,397
26,147,52,407
24,153,17,342
24,153,26,365
24,153,35,381
21,159,17,170
21,159,15,176
21,159,11,188
21,159,10,318
21,159,13,330
21,159,24,359
21,159,32,376
21,159,48,402
21,159,105,460
21,159,110,464
19,165,8,312
19,165,29,370
19,165,45,397
19,165,56,412
17,170,2,244
17,170,3,281
17,170,6,299
17,170,21,353
17,170,26,365
17,170,35,381
17,170,41,392
17,170,60,417
17,170,95,452
15,176,7,306
15,176,24,359
13,182,4,287
13,182,15,336
13,182,21,353
13,182,29,370
13,182,38,387
13,182,56,412
11,188,8,200
11,188,2,262
11,188,19,347
10,194,17,342
8,200,7,206
8,200,3,231
8,200,15,336
8,200,45,397
8,200,52,407
7,206,13,330
7,206,45,397
6,213,11,324
6,213,32,376
6,213,68,427
6,213,72,431
5,219,8,312
4,225,7,306
4,225,81,440
3,231,2,244
3,231,2,268
3,231,5,293
3,231,17,342
3,231,64,422
2,244,4,287
2,244,159,491
2,256,45,397
2,268,3,281
2,268,11,324
3,281,8,312
5,293,29,370
5,293,72,431
6,299,17,342
7,306,11,324
8,312,24,359
10,318,231,509
11,324,21,353
11,324,41,392
13,330,26,365
17,342,21,353
17,342,38,387
21,353,26,365
21,353,41,392
26,365,38,387
26,365,64,422
29,370,110,464
32,376,76,436
35,381,85,444
35,381,105,460
35,381,159,491
38,387,48,402
38,387,100,456
41,392,48,402
41,392,60,417
41,392,95,452
41,392,237,509
48,402,68,427
60,417,213,506
64,422,125,474
64,422,237,509
68,427,76,436
68,427,110,464
76,436,85,444
76,436,120,471
76,436,142,483
85,444,110,464
105,460,170,495
110,464,120,471
110,464,147,486
120,471,147,486
120,471,165,493
125,474,147,486
125,474,159,491
136,480,206,505
147,486,159,491
159,491,170,495
159,491,200,504
170,495,188,501
188,501,200,504
200,504,206,505
200,504,231,509
231,509,244,510
