74730
80585
79945
79316
106488
79311
71333
106047
82463
105137
75403
78009
73380
105138
83077
107373
72706
69941
104689
78649
84909
25954
107374
76689
75408
105584
78674
28642
78650
106483
106052
26870
84307
104217
85501
24110
70630
76064
76057
107798
76690
83680
106945
107797
25034
25911
87877
73375
76037
22250
103759
29546
18486
25966
72703
80544
12433
105135
85506
1510
69237
23182
86095
94370
107364
86685
85505
26805
1501
104216
19434
24071
79920
14373
24128
72100
17534
74743
76710
40912
2525
106930
106498
87311
468
68547
25957
25916
103277
99969
11477
23203
26824
41752
40907
89037
73397
76709
40063
23208
93826
120561
24123
27715
4521
77329
15618
106917
69248
25037
84930
100458
39170
95976
104209
76743
20378
120837
15329
42588
41747
82451
22279
24992
9520
120562
99970
103764
3515
69241
25891
87852
120838
26861
30440
72778
16578
76748
105148
87266
15330
80579
87847
72777
88428
121112
106065
97531
1515
68550
69930
86132
70723
105143
120573
29593
29610
74683
43434
86099
36586
105579
75341
100457
102329
5515
69961
121107
102800
44261
120281
32323
79960
95957
89000
24113
81179
24987
5520
102793
6537
44262
72104
91309
102336
98961
27768
71334
121380
12365
80640
84911
21363
68633
83636
72013
72014
26873
46746
83631
121110
8513
97525
121375
95447
84240
39169
14654
76088
2516
120564
120840
78673
30418
88989
26888
13421
27752
74022
74067
45068
27747
74152
26843
20439
120577
84235
67125
41761
71370
71369
74736
70732
121369
28692
36585
74125
81182
108633
84840
463
32328
84833
93825
106941
25018
20442
83084
78045
68634
93289
14374
120805
99458
109001
42598
78084
80559
26848
33208
80602
67849
52364
111033
11440
95971
120810
120534
120533
120578
81203
7510
121077
65681
39194
37646
66389
47536
19442
120563
88995
76060
73474
77350
73471
46745
120809
36786
121078
77305
86724
22199
13688
77435
4548
4539
102338
109053
24101
79365
42583
74686
121348
87878
79973
76153
120585
89557
43420
120839
85536
120850
89558
44257
62882
24124
67800
11734
107370
121343
81828
81757
109841
62881
79946
31438
78046
12702
23597
72025
45891
70038
70035
92411
22312
120544
40068
23199
78637
67096
105245
25449
36785
120574
121612
52359
12413
26883
64963
81764
82376
18542
42568
33106
76069
74144
76701
11449
37634
82421
21737
67793
22296
88449
81267
35054
48343
120589
87897
78808
24102
1502
121111
74145
120849
2489
121605
1489
106503
85417
25934
22275
21368
66394
90117
66506
66505
37622
38502
88450
100853
48348
78729
120812
12366
80574
105246
121083
45918
71961
15117
87873
28620
13746
22280
26357
26358
84232
108641
81823
121346
56077
106929
83632
90747
16229
100353
71348
27830
79366
53151
92955
65667
38499
77330
112949
10762
22661
22662
77937
72022
109876
70696
77293
43415
15648
70659
19885
17602
72661
120576
120535
88990
69293
65246
38313
79455
93497
86605
71365
121597
16069
65692
60648
103245
26974
28369
30865
101333
1483
120548
120591
74060
89529
17597
27289
74073
41904
79271
34183
72803
75484
38346
50760
46718
84215
120811
64997
82516
82483
92960
121608
121347
14173
14706
92093
18503
30417
62143
83712
17662
86008
37053
74168
76125
83625
121082
121079
96997
17037
23185
38486
75365
86021
74819
74705
121860
17965
65687
57614
88433
79220
71422
34186
120885
15130
36790
112181
71337
99487
6538
29113
78579
79213
100464
29965
15317
94895
21431
20510
120265
57060
28738
78638
24545
121607
25453
53943
108222
93830
35842
111829
72709
45779
72097
120862
120825
45906
31741
23781
18189
21354
86596
65792
121867
80540
84241
27784
18917
46709
76705
120844
49865
86585
67172
120861
41059
67069
74153
22253
22268
36193
82433
78655
85419
75402
15118
20534
111821
30855
1586
10502
87785
101334
119993
38765
121855
92418
109469
121098
2496
94349
121076
122116
109869
55304
36788
41042
45097
76778
37648
45784
92415
34181
34182
77938
78013
114749
19853
16070
120836
13413
13336
88355
14161
66401
112579
92675
107801
115441
46317
9826
37633
79274
20508
86748
24050
90673
32621
33312
121338
37054
22849
92178
38234
12718
86723
70029
44134
79848
104688
14786
121598
112201
94045
21347
13745
71376
36618
89501
79264
59141
29518
42921
110657
83016
74154
43586
78000
78163
120855
43749
107349
93274
121336
27262
17179
121129
90752
5676
76225
45063
37845
38438
12782
63497
120880
76681
121097
25142
29033
84228
86592
47424
75467
15621
62148
120831
45098
23302
31330
38721
39330
122111
113688
34453
31538
56078
53156
93507
121635
43315
34966
79259
26373
26918
82353
79319
21462
121080
72012
120293
41899
65250
26867
60573
41082
90969
52238
72112
86577
78005
120568
33497
70739
95107
18650
44426
44243
121600
91869
122105
14174
105599
12249
64905
13422
33311
81840
34365
67939
35046
80740
47425
82569
62300
47554
120808
31765
32424
47149
13331
120889
114105
80584
115781
42073
42901
68519
106510
71281
18005
11397
74212
24234
96429
94035
94572
10898
25095
107763
94561
32613
4662
65025
73390
24218
79841
90124
121351
33469
19586
121577
73457
89054
90680
8786
29065
87291
120832
28351
78152
120569
71353
71598
99353
10261
119301
39609
40214
66692
121313
80001
120843
74069
36511
36764
40385
79444
92967
84328
8818
38233
33304
24974
84197
120560
39571
30017
30650
81215
50645
121091
1509
24127
121616
121611
78640
120587
109849
15129
94369
108221
83624
44625
97004
40242
13678
90067
17537
70036
70677
78629
122100
96487
89003
13213
122125
87172
45262
56290
59891
71327
28706
69991
44953
83019
28786
40369
8683
64971
87205
77468
120821
29642
36173
28229
83049
121320
121359
30869
41221
37446
111027
57055
64173
32426
44438
106949
67109
84173
107379
84828
84843
24993
26804
54525
13714
97217
23582
22382
89502
2604
32585
63613
23581
83643
13214
24132
74052
2201
89497
119589
75998
86608
86743
17578
120828
45441
30900
120827
114113
72710
6666
29125
46256
77949
121858
80051
24108
15778
73379
15336
112175
94579
92188
79431
76686
121068
121173
93515
71412
122365
50670
177
52729
84861
50669
20542
80635
45087
56135
51453
81180
88353
19865
25947
25906
78168
45448
77351
106041
11293
121072
29249
62769
34337
34930
11630
95632
95625
120860
27914
121021
90741
68120
121096
43598
120881
163
83062
76721
82961
74815
40194
91797
68818
92885
21059
76888
18528
45401
89626
35030
86156
86027
63762
29126
49876
29538
69204
83132
81321
93421
121856
85996
78803
50289
120581
43291
86129
10774
83039
13189
73382
74724
45888
21478
52165
54728
24264
78630
90742
121889
85444
85459
8930
73489
120555
96697
64351
39513
121099
17563
65073
95112
80535
52244
49160
52233
75459
33010
77989
196
149
119281
65629
29933
90973
30594
66445
6337
17704
42161
21263
31482
62705
91229
42925
121332
3662
67153
47132
84931
119992
42742
54292
91203
113241
90992
8433
85439
8946
30486
98861
12750
63441
21753
120804
122360
111861
21456
4659
121064
88480
88467
89044
88919
76637
23573
35205
80109
29993
84247
121087
107371
95077
33296
41070
120546
120593
105173
121297
63035
65745
65980
3199
2309
59824
121596
46574
46609
72695
82473
36768
40790
95092
81392
49493
21062
47153
88367
72808
81103
30654
52370
74061
120853
82949
25056
86597
56847
12834
10814
78753
120575
79959
70041
39206
122108
19854
30821
10659
80566
72970
121615
29117
1136
28219
118357
74025
16084
67132
111445
81808
81719
37374
44138
44133
93500
42755
58193
122135
41932
121094
121069
91311
44562
14388
83620
83659
122361
14367
67081
28237
28850
40449
14714
87750
87921
59899
44925
6950
34096
85428
85385
118049
76777
42594
79938
79937
82417
120846
120841
31705
31744
70641
28691
52237
69985
113601
45258
1185
25170
70648
99360
6357
44569
106061
122112
29639
91760
29524
23351
56852
78669
76081
48693
115077
47125
84275
51081
74840
121081
39329
89552
78643
77548
97205
61961
119713
121324
1762
23665
43574
82452
82337
54273
8686
61323
121114
38477
38522
44926
11749
69996
79908
50790
78670
85398
3305
84230
79889
13578
117741
89609
39891
40178
107805
30009
123128
123117
80687
31540
11788
94005
28370
120528
38314
91765
89008
85182
114461
34168
22414
121334
121383
97193
106933
11894
75489
120245
19551
84349
66681
1157
92968
78809
93273
39374
8301
742
67785
42069
118989
94032
18626
72601
99849
38713
80002
54585
25499
121866
121865
84204
121108
83059
74737
70910
120565
31514
69881
121638
121631
44148
43751
39947
35018
122874
10826
53500
53477
79437
11229
3946
92879
24095
48797
90176
19466
22276
82321
189
116401
76053
12285
4930
72969
22675
23160
27739
27956
79484
79307
120842
55081
91833
69346
97733
51568
10811
84847
64269
90091
65693
7325
7818
121065
95600
95565
37669
21993
26409
78727
6678
99741
37624
24585
60469
53744
53511
85025
127097
40230
79821
3171
50646
88334
122630
122615
70224
36784
27014
73352
80513
81112
108645
81777
50281
95661
16594
72702
13173
89610
34329
96151
73321
118709
32641
23987
106066
1490
1217
66342
81214
120833
120835
123383
33499
34372
34050
78004
121104
28201
77354
84220
120566
19135
19590
121092
94055
69336
123601
11234
122142
122119
43597
28842
41217
28449
121169
35643
50397
91525
79284
58908
58901
121085
97206
44120
44115
42466
28748
9283
73953
12618
95084
95053
84557
91852
80744
81185
76126
16581
85531
101341
32577
121620
121673
120858
120741
91813
30636
65975
12225
86649
83557
67835
11277
11784
43422
72640
122908
122869
20785
10638
29250
99229
21322
116061
76722
35938
48208
96496
13846
94378
97313
92895
96097
46914
46225
83719
23978
2878
2173
122659
89045
25915
118681
93993
45415
120868
45242
90974
119941
7371
105133
61993
76621
76814
100237
25182
113377
47861
74609
118977
20399
122635
64941
91818
122692
91783
41337
41760
78027
80551
62129
29001
9839
9662
122669
27221
120878
127257
89591
73309
37488
69234
85433
24107
28105
98721
120845
4329
121890
121903
77267
79197
59071
93416
1164
1175
47417
42767
72649
123365
33009
3172
88464
88441
18617
22217
70904
42909
84308
44236
71241
54253
41886
101837
63621
123136
123141
47949
85975
25893
43304
4217
61209
95577
118385
74062
128313
78663
67928
77373
106943
26321
41095
40454
79898
28441
26820
4830
97320
121384
121301
67402
53484
53557
5854
100721
28546
121350
121373
91245
120580
19599
64901
43432
26872
26277
88508
88665
120856
35886
64920
59665
45424
27541
15507
83101
119877
81944
122389
81697
90740
13818
17184
55021
90735
92952
93433
76892
44428
25198
43777
68099
77524
27730
112089
75002
101685
81890
81889
30801
90641
123421
44099
122876
26926
122903
73381
87894
87883
94056
93965
18927
98208
122456
122441
36763
4189
150
73965
44601
123
64559
123600
78848
119680
119609
81124
81085
18489
90720
83074
78081
5317
120457
24437
54313
121438
121437
41087
90889
453
117401
94020
121840
121923
4618
39517
40755
6205
90073
88459
78104
16071
16230
119933
6842
88008
37035
79301
11598
80512
80441
4954
36712
106492
51105
21321
124077
80085
13205
13722
58588
58161
84908
84777
70609
39910
20786
75405
18648
35930
60409
94133
123177
10745
122709
120583
69951
64166
12615
87821
34593
5181
73386
81724
81861
20127
20404
71602
96793
118413
70934
15061
15504
58200
82941
52520
24270
8785
122929
8650
28117
29891
69133
121630
121645
121172
121115
121170
89036
88923
14555
124089
45397
29266
85560
85481
119393
10301
99247
80641
123370
123605
5818
3237
66694
14814
107305
69225
6301
59857
61977
121121
120847
122670
99729
22122
123148
45273
120854
51877
6189
122685
13595
62067
80536
80735
76881
94027
119897
71586
1180
1143
21681
58153
28798
77339
31338
87791
67825
10914
111753
98168
52721
8197
48776
72098
88477
10754
86114
86035
68537
86699
13209
14145
14146
13584
8814
100689
65709
24500
80127
128301
39382
118669
98245
59138
75313
92937
92972
39205
82738
82371
117717
101197
122664
122154
122141
203
71205
5229
81189
57956
54094
53497
70525
93117
21653
96635
95617
45749
120869
39366
119925
62358
64522
120184
120169
84936
84883
82441
69919
92013
33288
92714
92361
36101
67119
82988
2934
2183
83571
75961
74738
78017
31239
71268
8337
14105
56289
127585
46090
69251
68635
68582
124309
6816
97305
11729
123167
102159
91324
102310
91261
123405
39387
42481
119617
69895
47037
95040
95121
121646
121669
23352
120874
73945
121906
3790
4337
83129
119097
55301
98353
7177
7858
127413
41080
120882
98745
23063
47714
92402
61141
86109
74641
26090
75921
109253
92333
71323
95564
120749
19387
27181
27900
35575
73999
62029
71326
89246
89245
118041
102629
120220
120249
84558
84167
6181
45409
45962
107717
41045
120851
4209
45485
89539
127881
58880
58861
34191
34022
90765
83192
123135
124072
130
72982
99693
74824
91281
13129
78082
77531
15101
62693
121118
89606
124117
121119
121162
97141
17005
11648
76066
70906
88080
87857
30652
53469
123620
123629
121141
82392
83596
25186
60461
127241
44410
44423
34321
123172
123121
81803
28828
23350
81360
81167
11623
87868
87927
126201
8784
122697
99185
20717
51093
95651
101673
122161
119385
124957
3189
64896
107569
122184
122173
11141
43785
93280
24283
37675
121142
96165
100215
122937
39637
40060
90890
82983
73345
4812
4181
83350
84183
107145
74016
42065
122907
67221
41323
41918
121680
99355
56428
55797
47932
103729
103748
63082
62735
2182
2231
80760
94550
90713
94591
121580
121661
15969
53517
85553
41589
47989
102605
77221
33449
120876
57191
87310
95091
80592
127085
53306
8312
66361
66682
299
52667
71977
121103
106717
30217
24898
94060
34178
25713
25452
124100
124067
15762
15511
79936
79805
98229
12155
12626
120848
79408
121387
121628
121619
75373
55896
92405
13081
120572
120597
39381
112457
95068
3814
55817
81131
119916
54528
54361
94673
9161
9678
98344
3938
122134
181
123395
67809
68104
19600
30614
64203
13185
67725
24421
92644
92569
126733
125169
75289
100673
122938
58896
58889
85379
84827
107376
121392
121413
122873
74663
112521
90136
36443
36510
102169
11395
52741
86829
124749
26114
60369
23129
90171
99213
74734
98173
16953
75670
125597
5348
122204
122109
41600
70675
23338
76601
77981
62800
126901
82025
86004
86157
119579
7195
8181
69261
77865
110909
123161
41417
17418
103085
121670
121639
95125
24136
23521
31479
24972
7798
50461
41906
55658
95745
8233
88338
104933
118365
126573
27023
26828
124521
74731
39090
60578
80583
98189
124113
87760
3174
34156
123178
124977
61889
98234
55033
14557
73253
96705
79367
3313
123143
91308
97714
13402
17881
123852
123843
16019
16576
124541
73476
72799
44593
78568
78857
128569
34195
41759
5297
5180
745
121709
41934
105397
58960
93585
121405
62641
20129
70634
87805
107997
119333
122174
122195
102141
87413
71225
68090
88345
3314
18811
1150
1141
3169
110481
95045
121135
33717
33724
94597
120871
120864
41349
123884
123871
87249
59640
35935
35910
119596
121656
72314
68533
121651
44127
76029
76082
90079
1277
124068
94586
73456
25933
20522
122104
94567
87288
58907
125581
59649
27713
27952
103557
84189
3245
120492
120473
36415
88397
40782
9804
27929
124769
82458
123415
63433
97713
121442
121441
102129
14091
122641
16913
85384
85533
103757
73330
85416
122146
124956
122179
35065
62470
109257
90665
120177
35874
11742
35044
105825
62710
21994
21633
73329
95209
123657
42913
6217
62715
85709
101161
13136
54261
61245
44441
105389
80497
10143
10746
71905
126189
55801
17542
8285
92938
22589
23326
72021
69959
31737
3168
79298
98677
67410
66011
65684
106507
106478
124520
98203
122413
3221
121116
79403
100177
122168
122209
51726
90184
90157
75933
76226
10285
10654
120765
110077
95569
31522
73387
92360
92349
120857
120884
39378
124563
121120
191
94065
121109
19777
50301
76573
96675
22134
22406
24104
125781
113593
92925
84864
123881
5201
127401
84298
60417
12109
124091
124533
29754
128437
87993
124331
104009
83585
61865
58273
16985
98231
120212
120287
39365
94681
123897
73905
121176
46099
45416
121139
83083
101645
20697
69849
98731
8934
122648
106705
75953
121122
122693
121145
84867
31153
37841
8173
78006
77925
121366
124965
121391
2191
78652
86570
86623
78561
13073
24976
9775
126725
84497
60385
109669
121852
103601
24278
104493
125989
58955
16597
16738
92321
57613
57974
64833
90697
65282
84852
70685
17865
17972
100230
15524
15037
78024
120463
123648
123619
26553
27036
59482
104469
3179
13572
72581
80637
61117
61288
121161
16937
48681
90746
76334
84793
19558
102801
13702
121368
118981
82513
58141
86059
123372
123441
25818
89632
26123
89573
68425
95151
20377
125629
47049
10169
103095
59025
103545
98333
9799
7241
49513
7304
78675
83681
1914
122628
122619
79861
61953
119949
106285
64233
34667
121934
121907
121152
120875
121029
120824
33262
122394
122427
71181
92379
99192
65618
91287
22271
28989
29724
56565
18857
54333
114
28830
92963
9688
72698
92893
124548
124549
96253
96185
24907
121924
5794
79931
97152
64188
60570
77969
121678
22178
97159
99680
71861
92193
121446
101691
102637
81104
81069
7315
2164
2205
69534
88379
93420
125609
47161
77982
7954
124744
124755
60481
97693
9185
7219
104213
77933
121168
121166
55028
119021
92420
92419
35465
35838
100705
126544
11794
11127
12097
89627
105373
69209
96784
123651
96785
123865
120556
120517
64085
87223
27027
26360
104941
65581
11610
85496
85515
27191
32408
127240
120859
61964
11655
100225
120872
45238
31542
63361
12362
121333
63834
110881
58101
94539
120542
97829
3200
84327
25956
91800
10157
81844
18646
3289
122124
122143
78204
126005
110517
72697
123369
201
47105
81219
81841
121415
42745
42750
107577
119585
69797
9321
70916
87292
87181
25200
36795
75398
75359
77328
127717
101829
2774
73334
83605
17873
122930
122957
61157
101659
97218
75464
125596
125587
120485
74569
21474
23503
106265
106494
29345
29644
73921
96281
28860
39395
127067
58148
86669
68515
41233
13069
121131
121106
126553
68538
27533
94004
93971
2373
122680
97245
93673
98739
102153
76990
17694
125996
17026
20745
27714
61877
85445
68441
120755
120870
28077
54289
98732
2286
55057
2237
83185
9770
28367
108849
76811
75364
82459
103999
24106
63377
124960
125017
94042
102609
35061
22569
49581
23196
89173
10798
10651
102597
91881
79829
15961
16470
121910
121895
76009
121123
126545
121136
64805
35221
80449
10664
10253
70637
6358
124524
124585
96268
78806
78587
96099
86648
28846
67001
120208
13105
120195
65257
18606
124088
124139
79287
24266
94039
103537
5209
89588
89515
78608
78517
119905
108425
89528
1337
59708
13162
105869
121655
126360
126369
65644
65521
86017
120460
120567
12717
124097
97209
94121
122451
60380
98166
60605
121159
123368
123425
9201
121143
73237
94661
6197
6338
66402
56781
27018
54091
124294
2822
83665
26124
122649
68397
91299
126168
101189
72613
120530
120605
76062
66285
42061
2163
123654
123637
102197
122688
96625
121025
103730
101217
42157
123440
33278
16925
34596
123433
125172
125181
87828
13330
6793
122189
59620
59703
12117
95606
97165
95633
6247
93511
17420
125621
108009
120863
120866
58716
58233
29881
1140
124987
88373
71165
90137
127237
119293
8172
8163
105837
22673
61181
123638
123609
120257
33316
121674
121629
52521
25341
123134
102119
87864
88073
55909
13065
69093
68115
15132
14999
104465
124310
124335
126169
85530
86657
7718
7205
126909
119285
67073
106271
107137
91208
106506
77237
94585
57333
28093
120558
120557
37642
32939
119317
119889
95681
89010
100181
89015
83690
83951
63332
63459
93045
122921
121113
85489
15977
69781
12252
91246
121432
121379
91207
1764
1161
60974
71967
128016
26110
66253
127729
104041
87338
87283
128157
72537
121445
33319
123152
123133
24449
25158
89741
125397
95035
104473
81494
81113
21637
67713
93985
57973
35942
125380
125379
66344
103107
103276
96712
56782
121634
124748
15008
53326
52701
80571
99701
99734
99733
64904
76674
78620
122626
120777
120829
88455
120508
120559
6184
48669
748
12203
5964
122665
5253
82969
15011
26841
125407
124781
26808
123375
120834
121649
80132
42595
79801
97703
126925
153
64845
92477
64988
79228
99177
66381
11248
11185
52673
101653
93466
99681
93823
12452
29741
29742
78805
123887
86698
86108
86083
37305
127
12625
67677
88971
72696
121876
121917
22402
122378
5802
102619
6191
75277
99243
99244
75406
77376
121130
121071
46305
28826
103071
85988
56597
126176
64101
97712
122878
12698
39392
44442
57190
91830
56849
92021
4190
4247
36758
121389
122418
122399
77355
123118
123157
105819
128
64797
87900
94668
94511
70644
70537
122915
127081
85993
23050
13093
126539
122164
54098
120877
53577
90175
88460
5245
72779
3794
3197
124540
124543
20530
99237
103577
64270
86641
120570
120541
13716
125585
49481
73221
78662
104023
106261
78521
97223
10147
120830
64176
120524
120469
92930
99193
13085
120745
51893
11184
11119
61901
123858
66512
19763
119037
100241
122634
67088
66957
87195
67816
2166
34138
2279
82388
22197
101679
92875
86628
16025
85465
85504
121102
121101
91290
90168
90333
59628
59657
85098
60234
59717
127265
64069
111277
121579
15000
122127
19764
102636
92929
11120
11635
98717
15963
124102
124105
121303
124312
124319
73640
121440
56438
40231
87177
122618
79940
79921
121090
121089
16919
69837
35068
94596
94625
120217
73265
121390
126177
76025
22617
58921
125029
100848
100829
89029
125417
36803
36798
91810
74732
74601
97719
119881
93479
112081
123675
90885
125997
35939
15005
29735
29322
82381
126017
41067
41096
35947
120796
13574
47967
12133
67669
124522
78661
13075
63436
128697
120776
31547
58898
59483
69934
79896
122170
6794
97725
31526
66269
90717
32403
32382
121124
121144
121137
27002
121164
60372
81713
104459
90180
90185
104919
122406
2790
2181
64959
79873
121105
96206
96107
108841
60577
106707
101209
74009
120476
120459
124078
124129
84805
71627
120228
123626
124561
76723
54244
54301
42905
43314
102601
121127
76587
91307
92964
8702
8253
88468
121932
121851
87837
121317
120253
22366
55825
82445
9155
90650
68532
68377
97685
4188
4807
7174
10748
10201
7717
120550
120505
90967
92901
123154
123171
108457
122157
92328
102150
102133
1182
5208
124968
124973
97300
123645
51089
96159
13072
124140
124099
37659
121100
77281
103549
31541
31543
56737
102163
103101
47857
71169
1205
89849
91297
127573
121154
84287
84180
91272
121031
91251
83045
61724
61133
27031
26826
73272
106275
104033
126557
120554
120553
17905
23200
126719
125404
125389
61210
61165
89505
9162
9249
39370
120781
122679
122660
84353
65632
65541
100727
88929
105829
28849
52954
85477
97189
58100
58213
79295
73392
102145
122643
64068
101167
17867
124086
78810
92355
88981
125978
38525
74628
74735
94518
122438
122455
121117
15060
91230
76032
121367
5524
103075
13573
73245
10146
82965
64109
2225
119588
119593
127421
96483
108001
76669
119625
8843
38516
123420
123389
19773
23495
24254
97153
67697
106505
121888
121969
87224
95197
91821
122933
106745
4206
4223
63393
126179
94669
123209
100715
94145
58956
58891
103089
23517
71873
90971
123132
66973
120759
24056
120760
94553
124080
26109
127561
89603
92387
54341
106317
122175
120893
37674
123151
124079
57391
57950
37671
122362
122435
119913
107153
86096
81741
104487
99745
46473
19760
74050
73384
22577
125396
125401
85454
83644
83613
90163
14528
45260
121158
14051
121051
121592
121671
12108
95639
100212
124119
122671
125384
33308
58872
58977
99194
4290
4183
121386
81210
81209
125383
77869
28818
121377
66239
104015
35076
57979
121676
121601
75667
75284
96128
9170
2196
2159
31752
67072
125199
91219
124526
123856
10766
124555
87213
44433
10165
75241
61202
104475
102625
125992
125981
121378
71917
99369
33309
124298
124347
124076
122188
92886
90108
92969
121032
121151
9169
79290
88988
89039
94503
124754
124763
122165
79165
29317
29726
119001
87916
87773
121160
73225
31965
32410
123198
27035
97143
96135
58128
58199
83695
105379
21068
9934
29725
122672
72031
97657
122886
122943
126548
7208
7199
121133
62630
62601
83565
101639
123147
122656
88944
123144
121385
122132
123870
123855
148
169
1162
83002
53476
13220
886
88447
90725
121316
1763
120178
120241
90101
87874
2226
2167
34166
126565
64171
104923
120552
120571
122115
77366
81186
81475
120236
126004
90887
69817
6360
6199
88937
100724
104004
122156
121642
1766
123165
27026
39006
96687
98725
131
32386
63384
63437
98337
124745
73901
93487
94028
13087
107571
98753
78609
121636
121625
127873
19805
6958
120472
120489
94558
94509
11135
104005
83007
75407
84888
84901
123115
125988
125977
122691
120852
120887
6207
87182
61150
50464
84302
101648
101725
71177
96105
124740
124777
1219
21470
21477
31510
120540
126728
85401
4178
2168
4277
78659
87840
90239
120579
36816
100704
100723
104481
121914
121913
35926
91302
91279
123634
123693
31530
46223
122651
65974
65557
62696
62609
85097
58152
123612
120514
123667
120479
96115
90693
58125
83637
12096
120522
120176
120277
11132
11157
57194
57189
122372
122419
120547
91269
84193
77916
101687
94000
37654
124069
92919
99184
86104
86075
122133
54245
77343
60392
60425
81075
125808
125817
8170
8201
106725
120193
94085
34173
34174
121421
122381
87757
87867
120820
125180
125187
124552
17877
121578
120484
121641
6202
6239
28856
27043
91789
120551
124535
123156
26871
66961
74058
86068
100676
86057
87231
9158
5200
98223
103548
103565
43737
124107
64076
64093
122144
71168
71217
123862
1802
1163
121394
123185
121323
100685
9177
42325
104935
103117
119581
69793
120192
120275
125196
125207
125980
125991
29743
29734
7726
96141
92320
105375
84205
126171
121358
122149
121381
97671
40240
121156
75905
95103
76014
7184
37649
35918
28838
13070
5213
90706
86673
61888
61861
97213
121382
124556
124569
102167
96709
89534
38507
10140
25178
123842
123835
61149
124972
124995
121396
125382
26842
103102
69088
69089
81820
102633
80575
26825
124551
91225
73220
120823
120826
30255
81176
120773
92373
123892
123891
125790
125803
125804
125809
23330
86701
53525
106263
96704
898
120500
60412
60455
120549
89607
94573
132
82368
14042
14041
121095
121900
121835
25433
26098
105371
88349
104013
28851
29749
117
121838
121883
125376
125391
94011
8226
123378
123443
123616
87795
91845
77889
81839
3186
3205
36796
100207
87880
15136
68405
92869
140
123652
123599
122380
122369
81171
1261
104947
106713
69101
89567
5198
157
91222
86629
64853
85977
102123
495
58961
95205
123409
121660
121591
121658
121657
101186
126541
123174
30653
122434
122429
38539
38506
25197
125170
80738
127072
120166
95614
95741
123913
128021
126193
16931
124530
121357
121448
121572
121659
99711
97192
99856
24099
66248
66293
8211
12121
12094
10148
81733
103559
61860
61869
82467
84169
101205
7235
91201
122610
121040
121175
122633
87849
33292
121419
121362
10151
4176
4203
39350
97157
84278
89496
92327
124980
124983
96166
95644
95571
85456
86637
124558
31524
121395
125408
121404
67128
125584
125603
125178
125197
87169
83696
83691
89589
123110
122868
122883
86668
17703
105831
86601
104029
77868
95580
25203
95095
60373
82357
17864
121650
121707
5179
3176
3277
55111
27012
87841
91306
104916
121036
15017
75240
10658
123594
121053
123615
121880
121949
13082
93963
90661
127249
123622
124308
124363
76067
7181
6190
122678
5186
87788
107139
102168
56592
2170
2195
124988
125005
126174
98685
30643
88407
87244
123838
123861
120792
120799
98740
104927
126356
126381
120538
124320
124297
120455
75345
121648
95737
125403
103562
104021
22419
22410
86696
122655
121624
16702
15981
73913
119580
119597
120462
126729
120527
121134
99685
122354
122407
72552
72569
9172
9189
44605
74843
121388
98201
66241
86593
123677
123624
85482
95031
80529
56581
110093
121847
120488
21472
21191
29751
90167
99708
67685
102148
121713
35075
125792
125797
29730
120499
103571
105385
97199
104460
17690
84253
35468
101677
38517
3787
124334
124341
95072
95115
7176
91205
91767
32433
57978
32414
81695
58860
58865
125789
122178
122177
38529
38518
27169
27936
53489
126183
121664
10139
5205
86620
9146
27557
27882
7959
124976
124979
122172
122181
122182
6213
9178
66252
66349
82977
95587
79292
93434
93419
79189
100675
30618
20544
121662
121393
121408
22423
22398
127869
121128
125386
122424
122397
104483
90111
119608
17698
95647
96169
45269
38535
23355
122136
86703
4202
4175
121886
121921
99221
90896
126371
125168
125223
21484
20705
91217
66983
103540
121573
89026
96669
89035
1166
1173
4192
4229
121035
121020
121019
122870
122867
121048
75957
52669
75269
104476
120819
123633
124752
124799
127560
15965
9157
87813
87870
95100
61946
61897
104931
98237
121295
119305
119280
121352
120802
90131
69784
89513
64796
64821
88921
84815
82989
123656
84788
102677
72545
92385
84907
102121
122642
23188
120168
120167
107567
89520
107995
103109
103082
90748
15958
15960
124519
124544
123380
28618
120822
100693
95572
124106
24070
24281
37662
37253
122169
120458
120531
121922
121899
123181
125582
125579
120817
95656
14026
14037
40246
9179
28859
85498
2150
122376
124328
124327
122199
2175
118667
23496
49477
43735
8182
8193
23347
79944
36179
124756
124741
96680
81093
123386
123401
19594
18823
125413
36812
122404
106269
6186
6185
122433
101160
101199
103093
84188
84303
97696
120867
20548
121902
121881
14038
122638
122888
122895
121039
119909
105401
105366
121138
123623
89016
89007
14071
74722
79924
74577
79813
99249
80453
15973
17866
120750
120785
123127
92390
101641
11145
41216
125976
118355
78026
97677
124090
92909
77229
82344
82395
87209
100220
28854
4211
2940
128567
128568
98713
7192
90679
91237
71189
93509
64837
79294
121918
121877
95725
122923
95732
89499
79229
124964
124991
125800
125799
80588
126900
67668
58096
58165
124776
124771
121916
1770
124
165
6180
95563
66240
86003
126552
99735
81704
28840
26117
122410
122375
120780
85381
65520
65531
120818
96633
3178
3213
123604
101200
25180
24419
24420
126720
38521
104000
63337
66259
95582
97656
91867
104920
123411
121912
121837
96618
61116
93428
93499
118679
92966
121315
128436
27034
26257
121376
89608
22420
27941
27926
121587
121568
122617
121633
98699
88416
103551
88443
97177
127399
72286
71855
122616
88456
78515
121335
121374
59712
59629
92319
124764
121403
126732
103105
87168
15959
124783
126721
69084
123647
125592
125599
32419
2157
43736
17863
67013
86106
83700
85981
102617
122122
122629
122099
120466
120468
120491
120525
124083
123836
123875
121654
12879
12098
1139
91257
121372
122162
122183
87755
63336
63369
83595
104930
105821
81132
119907
124978
97661
120743
104002
102155
120786
118356
42586
122386
120512
120545
122411
127400
11134
11131
14036
14043
98228
79812
26062
92399
107135
99703
82940
82953
101663
104001
92941
125394
122681
81067
33294
127572
4170
4199
4200
4273
53461
76581
1148
72553
96096
122922
122879
28839
30644
105871
74063
6227
124967
27028
27039
76608
15968
104943
122646
122896
83186
59630
59639
122180
18656
88951
91216
23334
124296
124313
96095
123398
123361
95579
96101
121632
69939
79897
121920
121859
128820
98686
97676
90640
100175
84284
127412
8190
10156
7188
94529
42060
100223
104921
99190
99181
12095
10145
45399
18816
18815
8209
109251
103546
104461
87761
126196
120532
120537
121627
86687
66956
5196
20539
1151
124332
124305
122402
122405
106259
90094
90069
92873
13063
123418
126173
123379
73896
100709
88369
88402
88401
120182
120271
119896
122432
83556
83555
14032
128299
1167
36802
125604
69080
120224
66007
120267
62608
62657
91803
84261
123388
29757
29746
123613
121043
121088
69083
121319
121406
95102
95033
89032
124780
124761
122674
15004
15001
63344
85101
88431
122430
125593
127230
120170
120187
127868
103535
99709
106703
86609
63353
33318
92341
7194
100718
101684
101655
85513
85380
26119
92314
121571
123419
91764
91863
123866
123847
125780
125811
122918
122887
122385
19750
121033
121307
124573
100668
90743
97709
62704
62617
86063
24274
39369
12111
93445
119574
123630
120536
123189
95603
76068
6200
15967
120739
90068
124768
124751
120790
120174
120273
78512
120526
30655
30626
110075
110076
76564
76565
121055
123360
90686
120789
90148
125374
26094
5178
34170
4174
96639
93460
123116
122371
95685
120233
121298
70476
70475
89516
16915
120740
120803
119875
119876
101683
104932
89495
126178
122689
100725
82948
120493
120456
127235
4177
120746
35069
35050
18643
123661
125188
125173
120539
7209
71867
81843
102598
87872
86575
14035
12101
92356
36783
8168
8175
38532
30637
124115
123417
120813
120762
120481
124523
78523
128696
6179
4184
4191
9152
87843
124554
121652
121583
73929
123123
120504
120515
12164
100671
87272
67667
31537
1144
95578
65540
65969
107999
86745
88949
14052
126167
99679
84213
90639
84194
125784
125785
61173
105823
97729
8185
3201
31545
128819
122120
25187
125425
121058
119929
5185
121365
121296
126550
96624
93423
88381
103550
86090
100672
57337
58854
58873
82333
101163
86692
127236
104922
94589
75904
96689
123114
126362
126361
101178
124342
124343
124992
124959
123860
123883
124772
116399
102612
102595
125578
106711
118976
126359
122436
122359
122101
77867
78020
18812
19595
96623
92377
121862
121891
12090
39390
14034
98675
98674
9165
124562
122894
122911
96638
88417
99731
92421
127867
27020
27041
126350
126188
121060
7190
7201
28857
2156
2189
86704
68376
68383
86069
84776
84775
75236
122440
122491
93958
97655
36815
2180
88364
16911
121576
121581
128155
120510
125198
125205
25205
32423
2160
122621
123396
123371
125594
125192
125191
101159
97658
87832
126172
122614
91775
86009
93463
75401
120793
120814
93510
125381
120543
36801
36810
120775
120816
95054
95061
120751
98737
98718
103073
103078
96681
123169
123184
124300
124315
4204
99724
123840
123837
120454
5182
35052
24275
121562
120519
96614
121594
120216
120263
88956
125782
125791
61854
62471
27040
27015
126385
92948
92867
89517
69085
99737
84168
97675
88425
123354
123359
10154
99700
98709
73900
73899
82320
82319
124336
124295
23343
127248
23346
11144
11123
14047
95591
84499
126364
122148
120806
118975
106709
106704
99743
54238
102622
102639
104937
101676
124559
121653
122364
10743
78516
108424
120747
124066
123129
31539
27945
27922
22413
46220
122396
122417
122374
122431
124109
78519
121371
98172
80439
80440
98179
88383
93964
75898
124084
122654
11122
11121
89585
120748
104022
105377
87759
121360
124324
124325
125994
125975
124121
102596
103554
105372
90630
30649
122163
90727
138
121
34200
120518
120461
127715
27016
66968
66955
86576
119591
123175
123176
20527
126181
90892
120763
121037
121066
123608
120766
120188
120279
120584
28822
97167
18814
18813
13127
52668
74593
13062
125399
123180
97139
90681
125370
120529
59490
58989
4182
92958
100674
91846
102125
73890
73903
126543
120186
120261
123406
123393
120815
8186
16918
17705
92322
86029
27931
27934
22425
97204
94507
109668
120247
94512
47044
70481
21631
1147
32406
67662
102603
93496
122904
122935
121355
121364
1160
106698
103097
81108
60366
60379
120757
122098
20538
121621
124082
121049
122130
96145
90675
124557
87226
88389
87167
84792
84845
88386
119901
120754
120797
125200
125177
6212
67689
69117
86700
123400
99174
99175
75937
82934
57332
21632
20698
21483
20545
92959
89040
126547
125605
102599
99705
10138
10919
9160
11900
11139
124290
124351
120494
1181
125970
126001
162
159
1176
122171
122102
6174
1156
98681
104012
104467
104462
91305
70488
104025
103103
120521
124950
125001
120482
64062
64077
34185
38527
125390
16916
16923
45396
68385
71163
13083
13068
9181
88357
88935
122388
122439
125395
123413
74576
74573
16747
121884
121919
97146
96632
95626
103068
66950
66989
91763
86613
65528
65519
120172
120259
96172
98730
96123
120513
124514
124529
94001
120772
121047
93471
125392
122940
122899
16920
123653
121014
4205
102610
95637
121084
6963
120480
91758
25192
25199
127728
121023
124096
101661
125588
123841
122891
99688
82939
120162
120251
105381
105374
89604
89593
31531
24284
75903
34190
30648
106266
91199
91204
3184
3193
3167
108839
27537
27946
122673
125387
122686
13077
13084
7170
35058
25204
92323
107990
107568
87876
88343
88344
7198
121093
124538
104014
10144
97179
84300
126542
119279
105393
128010
121834
121909
91848
97163
93468
120496
14994
15783
90071
71852
71885
105814
93513
77863
22412
20543
124528
27045
128296
125982
125985
22421
124760
124793
125984
79164
79163
98174
99676
98211
86112
85979
34193
128695
101195
97659
93452
90095
108414
101693
36799
8165
122123
120501
122138
124073
124114
89500
103539
98187
103538
99716
89030
90066
15966
88340
118
120
137
119
29758
120218
109667
96092
123124
84249
124111
93414
91769
72544
72535
122912
90685
121640
121647
122928
26125
26118
102118
92392
103079
90744
121341
121370
121610
124954
124989
11114
11125
120204
120269
120767
88925
91795
85460
126366
126896
126363
125400
93443
14803
103090
93425
96086
96173
97176
30640
38523
120477
17870
15016
15007
122927
125589
120734
120801
124525
95605
6196
122155
91854
98727
102616
87162
87193
3198
10141
3209
26105
122934
35057
3180
3175
1153
26112
32411
104471
104458
102149
102114
94590
88457
75230
75239
11118
39380
121623
17858
11137
7179
5189
124092
123168
126162
124536
90739
121574
121305
121290
120180
120181
104031
104485
104472
125385
124974
124961
94514
110480
21480
20695
32398
121606
98694
96136
125184
125167
125974
121321
121330
123364
122114
24279
24280
126714
25339
51080
51079
25340
90173
124750
124739
125601
123869
123403
92904
126723
121928
121915
1145
104463
31546
102602
102613
102604
121637
124970
4179
4180
59070
80436
97695
88984
120769
121046
125388
125586
124316
124337
99202
100677
100217
121892
121845
102590
101644
124734
124775
120520
13079
13076
125786
69074
89546
87820
124101
125783
126722
122185
125607
125993
96090
94505
94526
90692
92944
92871
91754
123868
125774
123853
124955
99179
96637
120516
123610
83550
124553
124534
121361
121304
122094
122416
122437
124539
125602
101657
81080
85374
2161
33293
31517
121056
120214
120221
124062
90646
27030
27029
5183
5184
11126
16910
90112
127394
16749
104934
27949
27950
100678
98701
81696
81705
122683
123173
103077
103066
90729
124314
124301
120523
121075
123140
125979
125202
125201
104010
121575
7187
96131
121086
120248
120173
102161
121582
104925
102627
125595
4197
4196
34187
122151
29753
29738
126753
122113
122370
122395
122905
13071
122640
27935
27944
26113
124982
66234
66251
76558
76617
101194
92424
92920
2186
101183
7178
124081
122917
125779
125393
15954
99178
99180
99195
94552
123139
53456
75249
2165
30641
27953
27942
103541
87756
121626
121337
121300
121299
121310
120200
120243
120196
120237
120198
120239
88927
88928
103563
12629
12112
103534
100201
90634
105820
106258
92872
74572
74567
11136
124962
123649
106262
102157
102120
1138
120782
121329
121312
120753
23349
22568
123131
120509
14048
14039
18806
18819
10142
8180
8179
125176
125185
124094
125590
92339
71328
5207
13066
122384
123602
122409
94555
120800
123846
123889
125798
37666
7182
9168
119890
120744
124545
122422
122387
17871
19756
20541
23339
62600
62597
98193
119921
119880
22278
119884
127247
38508
121854
121905
124546
123632
121363
121302
123621
122902
9771
100679
95620
95567
92340
122677
125186
125171
122636
123603
94574
124532
120791
8166
5192
8191
6209
104003
125600
125986
125788
29755
29756
32421
32430
99219
97650
101165
73210
73219
100691
124537
125174
125193
123886
123879
17876
15964
122637
122620
122366
123872
125583
123845
120798
95558
87804
104017
104018
123120
120779
102143
121041
128435
121018
122150
124087
88378
90657
89521
90179
77873
96122
89569
102635
121842
121841
119895
73216
73223
93431
86048
14044
123125
120506
120511
122872
120774
122893
123614
127066
120450
124093
125378
122379
3166
3181
7175
125805
126899
126894
125801
125796
125794
120194
120189
120474
121589
121588
121850
121873
124344
124329
123170
125990
123408
123363
122166
14040
10159
123392
123397
124746
124757
124098
124071
125983
122932
122871
125190
125175
1149
3170
121345
121344
104020
119893
119874
122103
122176
88451
83697
94515
96620
94520
79158
79183
97138
6178
2169
125606
122444
122377
25191
31544
31527
23356
123617
124302
124317
8176
26121
35063
2172
30630
122400
122373
121327
121294
121311
121356
125162
125203
123885
125795
99699
121844
121849
120206
120255
80443
59616
59621
98716
4185
8162
124518
121059
121028
119899
64075
84791
103104
90076
97664
94531
89498
105370
100712
128814
121595
123636
121898
121853
121590
6187
3185
10134
125802
126724
119870
27939
128164
27930
9164
9159
122898
122885
100180
100179
122625
107141
120795
120742
89017
122924
125182
122931
125189
120761
121870
121901
124758
124765
125787
123864
123873
124762
124753
121908
124547
121839
121045
121052
99203
98683
99722
98684
32435
15002
15003
93418
92325
94048
94049
104011
103994
136
139
34198
5174
121073
124074
5195
29745
29748
27943
2171
124304
124321
125778
124738
124773
126538
126549
92897
121325
121318
125793
126358
13067
28836
28843
23357
25194
23348
123830
123849
103091
103072
91215
91198
106270
107140
122884
121062
85984
123618
123384
123399
120465
120778
101184
92866
91768
69778
89490
85404
120478
102127
102140
102600
99683
94541
93447
94524
123888
125987
122622
124085
124531
123850
95575
93980
22415
27924
30656
5191
1165
123119
123376
124070
123385
124306
101680
101651
104019
101154
91829
122881
123126
122408
124311
120467
122425
122426
83660
104479
100717
104468
12103
12104
123414
122684
121848
122862
121861
122889
122391
121057
121024
2158
97170
97681
79804
79799
121585
121586
99186
99684
124985
124986
122428
125591
6193
123145
122403
126354
91762
92330
92877
103555
86581
123625
125166
103099
103086
104477
104470
124969
125179
123628
124958
122117
122118
5190
7180
128690
28852
1130
120210
120201
121846
121897
123867
91267
97673
91202
122892
123374
122901
120807
120752
120471
121599
121644
121643
30647
32434
34197
123848
122139
122140
122129
123607
123598
122152
97144
89503
90636
90645
120464
119891
119892
120497
122647
122624
104910
88347
123857
123880
122926
98678
121349
121326
121618
99713
102607
92336
123859
47038
104914
98221
106706
104940
18653
127554
122925
123878
21630
124770
124747
122657
122644
98232
95034
95043
91233
32428
28848
28847
25196
5188
6182
121617
123851
121353
121354
122623
121609
121874
100662
90708
90643
100681
25195
122412
123863
122
125
2154
24273
24276
121904
124971
124984
27947
96103
102623
86566
100206
121584
122363
99682
96125
103553
103544
97155
92365
107994
104489
122420
123639
123650
121857
120498
120483
121309
121308
122358
19754
14053
124560
125598
122890
122877
121863
121061
121022
122383
103083
104464
103092
93968
93967
95574
95573
96104
123373
123412
124766
39389
8177
27951
122661
124963
124340
124339
121613
123138
123137
124075
121864
123122
121885
124743
123149
122145
124742
122160
124966
122880
121331
121306
122897
121882
122390
38533
123391
122121
123362
122128
122882
119887
119885
119886
119888
16914
122137
122906
29759
29752
7185
103547
96168
103560
106694
122632
120502
103543
103552
101670
101675
99689
100687
100197
123377
124564
126890
121878
122645
7203
102611
122668
122158
121843
71856
71857
90659
92876
94527
33812
92899
123381
123142
18820
19601
24263
101638
121869
121339
121340
123130
99678
104007
104028
103081
103076
102606
94504
92882
86579
103062
123416
123882
123877
124767
124981
122652
123382
102615
99721
93410
91209
75234
121872
121067
121074
123153
121894
121614
121593
122627
121604
121603
81077
98680
98162
124120
126718
123844
123611
122401
121622
122368
120490
122393
102151
102124
124322
124333
122653
123854
27938
26120
26115
23353
122392
121875
121868
120787
120764
100185
121879
122909
122900
122650
1155
1146
99208
99183
98180
96117
97145
23337
124108
121911
35062
99707
96672
99694
29739
26116
96693
78525
88922
104928
97654
97683
26106
101171
101649
101642
102152
94498
93424
96098
89545
124103
124110
100183
99196
99197
98698
24267
126741
95038
93969
95085
101665
93974
95044
95059
95588
95597
93979
101187
83689
101643
105827
84816
84933
100231
104929
104926
15012
100209
100698
100703
100701
89514
107138
92880
95566
95568
95581
101664
102139
102142
122682
102165
100680
95108
95065
89494
104924
119911
91787
109664
101175
100204
120232
119917
120197
120230
120179
122367
81703
103087
75309
4193
9154
37670
8171
27948
91210
107566
100184
100178
100203
64790
64813
103084
87179
104474
99702
19758
59662
133
134
145
6183
34199
33320
33315
32431
122421
124326
87771
105376
124330
41749
30394
23106
60111
81942
82119
30346
2490
80737
89272
86827
12368
12598
50130
52117
120873
49958
76148
68248
90411
29547
121147
85561
76123
25936
78942
49617
16469
95217
42565
43588
80078
41755
86221
10747
64261
23989
22277
36185
22256
7352
15119
7810
80049
121140
21262
21063
105134
70933
121965
101237
120891
60608
96260
9778
9225
28617
3806
49595
69214
37280
19437
83107
11740
86120
44447
121439
40758
72027
121936
3791
37375
126209
16744
35885
76056
121688
18831
14357
14294
121433
18920
88512
86721
20501
77372
77217
95963
55796
44567
127716
127559
102795
13851
43753
60465
125241
63445
81213
45395
45910
63428
77261
84352
2209
121163
121126
121400
59726
59773
121407
9940
14819
15750
74669
65623
42929
64125
5329
69779
2782
68393
83320
91523
122200
758
235
40367
125617
114337
84900
26255
51876
70477
2939
81746
35914
19605
65622
65529
87293
119633
89020
8953
105833
121428
121426
126917
61128
61319
63335
119587
2177
121566
121663
89019
79824
100355
24258
23497
127073
85499
90096
53459
77885
87189
121926
121925
127581
126375
90103
126184
89571
79168
79171
79803
84288
84305
64168
5212
8952
99475
7961
8951
98171
124779
84779
62632
62625
87855
87247
121570
119013
118970
14030
124778
22407
89581
92191
37657
128019
96112
120190
36797
96647
87208
36805
121027
81763
106700
126180
86678
92346
72017
92485
98205
126
135
38505
38498
121026
3952
3173
12099
12854
6964
93453
92946
94029
71859
124307
82356
93446
122110
27716
124759
120794
120185
120222
120175
120758
30627
94021
122936
125195
122953
25201
3188
85383
102158
99241
1142
1189
9174
122147
122106
120202
99214
92949
91278
90070
90072
120205
25090
27933
87202
122382
3798
123159
29750
98170
122676
124975
124990
104027
87173
27037
124318
100222
11124
120495
120470
124112
126170
123627
7960
100191
100186
87171
103556
100192
89566
9173
122658
123150
19856
25890
39212
45086
10666
10501
26730
99477
103749
12630
83324
99464
64662
87914
12363
23155
28640
85661
15501
121423
89091
12372
2779
82579
7792
94123
110525
86809
54877
120879
96205
120865
55967
55808
83872
126761
26859
9217
88597
49155
49476
112881
10795
64970
108459
109285
5269
26827
15620
54352
20777
9822
84906
121940
25871
64795
18618
91365
21485
38510
17883
48514
67836
20806
123907
62645
126009
84902
84501
121938
89617
70511
86091
81212
126380
125013
105581
44000
21479
121939
19576
86070
83671
85519
11633
80587
9795
86674
35928
128158
128169
91858
89612
7249
81119
35937
88385
107572
126389
125406
124565
3190
37454
37653
86103
83081
83328
70938
69082
72694
37273
104454
70479
97708
65514
65547
120475
109255
29740
146
115
97142
60478
60405
103561
83692
26108
121672
2162
2283
96106
1178
91304
91817
72541
80570
101204
17862
39386
103558
15517
14998
29692
126166
18507
4960
77646
55795
94542
18810
124527
90074
120738
18821
98200
99235
122866
120486
120768
123366
3203
7196
49661
87261
125402
123367
103542
122398
120771
120784
122631
122690
122107
123390
124095
120487
93503
123158
120244
123387
120183
101646
99205
1925
120226
120199
119923
68384
68413
95099
89600
81698
99710
101656
90988
13561
22310
69333
64564
29517
15320
9767
11718
101343
13432
13567
111713
12627
25913
25888
78790
38769
47392
76742
76779
37620
120883
23154
25896
69250
3786
90764
97837
75372
121146
32374
33481
33466
4822
13596
13333
2802
2293
11735
74623
125829
66273
87290
87313
1500
1225
124813
59713
95213
102312
119605
127880
83674
83699
122225
124581
121411
120225
107161
24785
29728
22211
88448
75427
121412
118993
100729
90714
86092
57967
91296
126175
90689
88994
33817
33818
89031
87254
14045
10164
10767
28835
38537
92195
38514
91824
94510
27033
128167
51875
26256
95562
69245
85503
87280
120171
122126
27019
123606
82328
63326
63345
85473
24262
24167
127080
119878
119937
120238
120240
119882
102624
95114
95041
123358
88947
95106
78506
100682
92961
123146
122131
120788
119935
101652
99191
83065
61864
61907
84162
64067
91253
120203
120756
120191
98213
98194
27736
308
16082
81989
26857
22254
15275
93032
24955
13677
69954
743
121148
24112
7313
79488
79471
71330
96255
46265
70645
24160
52001
24894
42421
81834
15784
75367
31386
118725
48667
7722
89038
9256
8842
77358
57206
81798
100726
71594
75394
31490
8195
103569
98749
64169
93494
79180
79313
91286
73252
73233
122687
86670
91226
97660
85980
86107
89025
82023
24121
24277
97667
90132
71173
37663
90099
108844
90150
15962
103731
75261
97151
92350
93981
7191
39372
8178
102618
88469
63365
119919
91841
90149
112556
70722
89843
43404
12411
80108
103753
456
30018
114037
11627
115525
26802
8790
12874
106947
29321
81266
24909
60460
75346
225
78015
47119
94677
77544
9765
5342
5963
60389
47152
24996
20355
20342
64916
119908
84903
86689
76611
125611
122448
66962
66977
81826
12573
750
38509
40241
10163
6204
70491
69809
85502
85495
35929
81842
87257
45272
74075
119583
64803
29744
122197
126735
126736
104525
80489
33303
32420
95124
77215
6965
13137
55121
92389
98181
119903
59614
59619
126546
125405
42599
126367
122696
94044
94033
96137
92934
96130
27025
84421
97670
80434
120783
28855
85434
10153
12102
13080
101203
100720
30634
80734
22195
100461
99971
16638
44964
79473
22664
24076
95750
42164
100261
38073
40913
40916
10776
74072
106485
106500
22585
21352
20805
91528
15141
99272
24256
301
302
118397
83209
84912
21290
61912
61867
95653
67675
84899
73634
73281
40221
92883
95629
88418
92381
121314
96155
99712
2174
2941
90975
96100
86691
123635
123834
86614
90081
97700
97825
100683
120770
92890
92414
101188
6201
66967
88358
81133
101674
70721
96626
96649
1154
34092
63838
98704
111473
88006
43401
14657
44959
103727
13582
11798
103741
83356
25371
39943
22267
22248
19603
121944
754
67864
241
60644
55073
10759
96305
114736
4898
4373
60367
114365
40238
64095
11393
86634
99349
81813
892
63372
122454
10742
93516
74571
89013
91861
90104
71929
125183
78535
82970
99248
38530
77244
70487
126554
89523
87793
82947
91782
100235
96094
92362
85406
105140
88393
93502
127710
123874
123839
85483
100199
91292
101198
73933
13403
95042
100684
8174
101177
122920
80066
27032
101158
28845
76128
20327
72964
76063
31367
15678
6930
25991
96301
81262
6297
103269
59028
126581
10183
20434
26890
21991
77909
126233
47734
89519
76572
76593
61110
61115
123201
93483
59137
58953
128308
85387
124542
87854
114120
125194
104478
52671
87242
101201
97164
87763
89510
86020
86028
99218
104466
39383
123643
96261
96641
97158
96644
87191
63504
5216
93987
100210
26080
5187
98695
84292
84347
118668
38538
40739
63543
90425
121687
103751
59032
106045
83343
746
96819
104529
121977
16029
16454
105423
79482
122202
97824
97959
124373
42754
73997
79872
58859
35925
13172
66261
122450
74020
50789
127069
65628
66001
90083
107152
71900
72285
121322
69785
69938
88384
123659
115537
93976
123166
121328
28841
99233
61211
93998
31548
15327
12774
80608
106049
106050
12197
78680
115529
16974
17181
74740
2812
113383
77374
77251
13417
71193
69825
128033
44443
44264
1906
91862
98230
89176
89027
91793
50287
101668
95589
1152
33301
98218
47551
28232
15997
72961
7283
41057
67154
21734
7730
101345
76684
103289
16325
39393
50958
78541
82460
82737
5217
108029
4790
4313
10149
90656
90699
42773
91853
92939
122159
102131
96175
101202
96120
101169
101164
104212
19889
32350
103739
58108
24969
71221
92487
37644
67786
82352
37650
35923
39396
154
66352
25193
124993
80733
92170
15105
90965
91521
30538
17699
122192
32622
91310
86690
96667
123890
61880
61859
101647
121602
1767
95066
95117
20535
121063
8774
121038
58916
8187
11128
11179
37647
85828
11174
28371
20326
28644
27467
27542
124789
19496
19591
9180
15021
92734
31519
127088
127089
99857
51260
99234
99245
89743
13682
101325
90335
101340
95740
24073
24116
43430
81272
79474
45250
19560
17667
80106
67717
103573
11280
126749
127741
92371
14046
5225
14375
51249
7207
11133
97679
85517
32429
99059
95958
28689
29591
90900
35719
89767
46273
25621
37630
9690
10179
71204
5363
125409
11724
19386
18817
4238
29704
12617
58144
58099
86117
95621
12100
96659
9163
95039
67845
24271
96651
87265
13411
25946
462
321
85638
16632
95730
24997
19430
104685
90970
90751
79221
92364
85022
104325
52091
39358
92182
11455
18422
43153
19785
20494
82348
69801
87284
124994
120284
81095
71180
91284
95610
30623
121416
30622
122208
96652
82361
98700
97172
120507
94571
110289
112956
20704
95436
76563
70497
27261
73374
73391
91363
99777
70565
27916
20703
19765
82450
92733
35322
35917
84891
122875
25190
95048
95123
95640
101662
92874
87856
121150
87337
87919
87917
76784
69109
35045
35042
70521
80047
78549
26104
82426
30261
86646
91857
96161
93482
114792
17642
91826
90655
71309
71324
22411
99728
90738
85520
84184
93427
86679
86015
22005
90677
98191
100170
75404
82942
83349
142
6670
75913
111036
83025
83945
83956
82121
107799
9655
83664
144
81211
37667
90733
90652
77379
120235
87830
93992
85500
94009
96140
96679
77228
77219
101211
7183
93491
119274
96489
80080
79949
97253
190
68117
83675
93504
89014
89171
79476
79317
87268
7189
89587
24991
100710
96176
99727
95050
72704
72795
95075
99687
99674
94533
31432
116517
30413
30430
93026
11878
11651
83743
79835
58993
7789
122493
46918
74660
69935
91298
17868
100707
91865
101658
93451
97148
32436
101650
92945
93294
120503
33186
72283
13576
13215
21444
16722
21319
20422
38528
31729
68551
88392
88573
90183
128430
1184
95116
37676
120895
3202
124323
12110
98697
98738
99691
79952
75000
88604
14794
14369
38473
79480
12747
73289
71197
88696
3951
85511
94040
53450
94053
85497
63330
31669
97706
95080
99858
124303
91842
96665
96998
91235
100666
86586
82976
904
749
114833
28638
40028
46621
20395
33203
15610
80578
78678
79953
38182
37913
33254
86046
76688
86049
40232
80479
76625
96773
28636
38315
32653
98711
98692
96630
79478
95060
77871
77872
95635
99231
121149
13580
21328
12445
41215
60640
41914
8886
66688
70631
8715
42899
60395
10920
61119
121030
46214
91777
21475
92347
87264
87409
13690
101682
89060
88969
91303
91294
115872
57910
99723
127406
22416
67396
29595
24103
24078
79460
60401
23304
51257
66965
5221
58945
39391
35940
96646
95595
98176
15009
15506
23340
87493
70214
64825
24469
61898
61921
75912
75911
3182
77214
85978
122237
121715
81208
97691
75366
86041
100216
100205
87295
91526
94587
23342
25188
11233
59673
80469
75357
