262,510,306,505
262,510,381,477
262,510,440,431
262,510,24,153
262,510,21,159
262,510,19,165
262,510,17,170
262,510,15,176
262,510,13,182
262,510,11,188
262,510,8,200
262,510,4,225
262,510,38,387
262,510,68,427
262,510,115,467
262,510,136,480
262,510,231,509
268,510,281,509
268,510,402,464
268,510,440,431
268,510,21,159
268,510,19,165
268,510,17,170
268,510,15,176
268,510,13,182
268,510,11,188
268,510,10,194
268,510,5,219
268,510,4,225
268,510,2,262
268,510,6,299
268,510,13,330
268,510,24,359
268,510,110,464
268,510,182,499
275,509,436,436
275,509,456,412
275,509,17,170
275,509,15,176
275,509,13,182
275,509,11,188
275,509,10,194
275,509,8,200
275,509,7,206
275,509,2,244
275,509,8,312
275,509,48,402
275,509,52,407
275,509,72,431
281,509,312,504
281,509,13,182
281,509,11,188
281,509,10,194
281,509,8,200
281,509,7,206
281,509,6,213
281,509,2,244
281,509,2,256
281,509,142,483
281,509,176,497
287,508,10,194
287,508,8,200
287,508,7,206
287,508,6,213
287,508,5,219
287,508,5,293
287,508,64,422
287,508,100,456
287,508,125,474
287,508,153,488
293,507,7,206
293,507,6,213
293,507,4,225
293,507,3,231
293,507,2,244
293,507,2,262
293,507,2,268
293,507,6,299
293,507,7,306
293,507,45,397
293,507,90,448
293,507,120,471
299,506,342,495
299,506,427,444
299,506,477,381
299,506,4,225
299,506,2,244
299,506,2,256
299,506,2,268
299,506,38,387
299,506,45,397
299,506,85,444
299,506,115,467
306,505,324,501
306,505,471,392
306,505,477,381
306,505,488,359
306,505,493,347
306,505,505,306
306,505,3,231
306,505,2,244
306,505,2,250
306,505,6,299
306,505,24,359
306,505,52,407
306,505,76,436
306,505,176,497
312,504,365,486
312,504,452,417
312,504,493,347
312,504,510,268
312,504,509,237
312,504,509,231
312,504,2,250
312,504,2,256
312,504,2,262
312,504,3,275
312,504,5,293
312,504,8,312
312,504,15,336
312,504,19,347
312,504,56,412
312,504,64,422
312,504,72,431
312,504,136,480
312,504,170,495
318,502,502,194
318,502,501,188
318,502,2,256
318,502,2,262
318,502,5,293
318,502,10,318
318,502,45,397
318,502,64,422
318,502,68,427
318,502,76,436
318,502,110,464
324,501,353,491
324,501,427,444
324,501,486,365
324,501,509,237
324,501,505,206
324,501,495,170
324,501,493,165
324,501,2,262
324,501,3,275
324,501,3,281
324,501,5,293
324,501,7,306
324,501,8,312
324,501,10,318
324,501,13,330
324,501,15,336
324,501,19,347
324,501,24,359
324,501,26,365
324,501,32,376
324,501,45,397
324,501,52,407
324,501,56,412
324,501,60,417
324,501,64,422
324,501,100,456
324,501,244,510
330,499,471,392
330,499,507,293
330,499,510,250
330,499,509,237
330,499,509,231
330,499,508,225
330,499,501,188
330,499,499,182
330,499,495,170
330,499,493,165
330,499,491,159
330,499,488,153
330,499,486,147
330,499,483,142
330,499,480,136
330,499,477,131
330,499,474,125
330,499,471,120
330,499,3,281
330,499,4,287
330,499,5,293
330,499,6,299
330,499,7,306
330,499,8,312
330,499,10,318
330,499,13,330
330,499,19,347
330,499,24,359
330,499,45,397
330,499,48,402
330,499,52,407
330,499,131,477
330,499,170,495
336,497,407,460
336,497,510,256
336,497,491,159
336,497,488,153
336,497,483,142
336,497,480,136
336,497,477,131
336,497,474,125
336,497,471,120
336,497,467,115
336,497,5,293
336,497,6,299
336,497,7,306
336,497,10,318
336,497,13,330
336,497,19,347
336,497,35,381
336,497,45,397
336,497,95,452
336,497,105,460
336,497,165,493
342,495,353,491
342,495,365,486
342,495,499,330
342,495,509,281
342,495,510,268
342,495,507,219
342,495,504,200
342,495,502,194
342,495,497,176
342,495,493,165
342,495,491,159
342,495,488,153
342,495,486,147
342,495,480,136
342,495,477,131
342,495,474,125
342,495,471,120
342,495,467,115
342,495,8,312
342,495,11,324
342,495,13,330
342,495,17,342
342,495,19,347
342,495,24,359
342,495,26,365
342,495,35,381
342,495,41,392
342,495,81,440
342,495,147,486
342,495,237,509
347,493,397,467
347,493,436,436
347,493,507,219
347,493,505,206
347,493,501,188
347,493,488,153
347,493,483,142
347,493,477,131
347,493,471,120
347,493,464,110
347,493,448,90
347,493,13,330
347,493,15,336
347,493,17,342
347,493,19,347
347,493,35,381
347,493,38,387
347,493,41,392
347,493,45,397
347,493,100,456
347,493,159,491
347,493,219,507
353,491,365,486
353,491,392,471
353,491,427,444
353,491,506,213
353,491,495,170
353,491,488,153
353,491,486,147
353,491,483,142
353,491,480,136
353,491,474,125
353,491,471,120
353,491,464,110
353,491,444,85
353,491,32,376
353,491,35,381
353,491,38,387
353,491,41,392
353,491,64,422
353,491,159,491
359,488,509,281
359,488,505,206
359,488,495,170
359,488,491,159
359,488,488,153
359,488,483,142
359,488,477,131
359,488,471,120
359,488,467,115
359,488,460,105
359,488,444,85
359,488,440,81
359,488,68,427
359,488,76,436
359,488,85,444
359,488,90,448
359,488,95,452
359,488,213,506
365,486,387,474
365,486,402,464
365,486,422,448
365,486,440,431
365,486,510,262
365,486,491,159
365,486,488,153
365,486,483,142
365,486,480,136
365,486,474,125
365,486,464,110
365,486,460,105
365,486,440,81
365,486,436,76
365,486,85,444
365,486,153,488
365,486,206,505
370,483,483,370
370,483,504,312
370,483,509,281
370,483,504,200
370,483,497,176
370,483,493,165
370,483,491,159
370,483,488,153
370,483,483,142
370,483,477,131
370,483,471,120
370,483,467,115
370,483,464,110
370,483,440,81
370,483,436,76
370,483,427,68
370,483,110,464
370,483,120,471
370,483,147,486
370,483,194,502
376,480,504,312
376,480,508,225
376,480,507,219
376,480,502,194
376,480,501,188
376,480,493,165
376,480,491,159
376,480,488,153
376,480,486,147
376,480,483,142
376,480,480,136
376,480,474,125
376,480,467,115
376,480,456,100
376,480,436,76
376,480,431,72
376,480,136,480
381,477,505,206
381,477,495,170
381,477,488,153
381,477,480,136
381,477,477,131
381,477,474,125
381,477,471,120
381,477,464,110
381,477,427,68
381,477,147,486
387,474,467,397
387,474,504,312
387,474,504,200
387,474,493,165
387,474,488,153
387,474,486,147
387,474,483,142
387,474,480,136
387,474,474,125
387,474,452,95
387,474,431,72
387,474,427,68
387,474,142,483
387,474,147,486
387,474,182,499
387,474,237,509
392,471,402,464
392,471,509,281
392,471,509,275
392,471,507,219
392,471,502,194
392,471,499,182
392,471,495,170
392,471,491,159
392,471,488,153
392,471,486,147
392,471,480,136
392,471,477,131
392,471,464,110
392,471,460,105
392,471,427,68
392,471,412,56
392,471,170,495
392,471,194,502
397,467,502,318
397,467,504,312
397,467,508,225
397,467,501,188
397,467,493,165
397,467,491,159
397,467,483,142
397,467,448,90
397,467,417,60
397,467,182,499
397,467,200,504
402,464,427,444
402,464,440,431
402,464,504,200
402,464,491,159
402,464,486,147
402,464,474,125
402,464,444,85
402,464,422,64
402,464,417,60
402,464,188,501
402,464,213,506
407,460,436,436
407,460,509,231
407,460,506,213
407,460,499,182
407,460,495,170
407,460,488,153
407,460,483,142
407,460,467,115
407,460,452,95
407,460,444,85
407,460,417,60
407,460,219,507
412,456,501,324
412,456,510,262
412,456,506,213
412,456,505,206
412,456,501,188
412,456,497,176
412,456,495,170
412,456,493,165
412,456,491,159
412,456,471,120
412,456,444,85
412,456,412,56
412,456,397,45
412,456,213,506
417,452,509,281
417,452,509,237
417,452,508,225
417,452,499,182
417,452,495,170
417,452,452,95
417,452,397,45
417,452,392,41
417,452,353,21
417,452,347,19
422,448,506,213
422,448,502,194
422,448,493,165
422,448,488,153
422,448,477,131
422,448,456,100
422,448,444,85
422,448,440,81
422,448,402,48
422,448,397,45
422,448,392,41
422,448,387,38
422,448,347,19
422,448,342,17
422,448,336,15
422,448,225,508
427,444,436,436
427,444,508,225
427,444,495,170
427,444,460,105
427,444,444,85
427,444,397,45
427,444,336,15
427,444,330,13
431,440,510,244
431,440,497,176
431,440,491,159
431,440,464,110
431,440,452,95
431,440,431,72
431,440,392,41
431,440,387,38
431,440,330,13
431,440,324,11
431,440,318,10
436,436,444,427
436,436,460,407
436,436,510,262
436,436,507,219
436,436,497,176
436,436,483,142
436,436,448,90
436,436,444,85
436,436,387,38
436,436,318,10
436,436,312,8
436,436,306,7
440,431,493,347
440,431,509,231
440,431,495,170
440,431,486,147
440,431,452,95
440,431,381,35
440,431,342,17
440,431,312,8
440,431,306,7
440,431,299,6
440,431,52,407
444,427,464,402
444,427,504,312
444,427,508,225
444,427,499,182
444,427,495,170
444,427,467,115
444,427,456,100
444,427,376,32
444,427,336,15
444,427,318,10
444,427,299,6
444,427,293,5
444,427,287,4
444,427,60,417
444,427,256,510
448,422,506,299
448,422,510,268
448,422,509,231
448,422,502,194
448,422,480,136
448,422,460,105
448,422,422,64
448,422,370,29
448,422,330,13
448,422,293,5
448,422,287,4
448,422,281,3
452,417,504,200
452,417,495,170
452,417,460,105
452,417,431,72
452,417,359,24
452,417,324,11
452,417,299,6
452,417,287,4
452,417,281,3
452,417,275,3
452,417,60,417
456,412,510,268
456,412,509,237
456,412,509,231
456,412,508,225
456,412,440,81
456,412,427,68
456,412,422,64
456,412,353,21
456,412,318,10
456,412,293,5
456,412,287,4
456,412,275,3
456,412,268,2
456,412,68,427
460,407,510,244
460,407,495,170
460,407,456,100
460,407,448,90
460,407,431,72
460,407,422,64
460,407,347,19
460,407,312,8
460,407,306,7
460,407,281,3
460,407,262,2
460,407,76,436
464,402,471,392
464,402,505,306
464,402,497,176
464,402,471,120
464,402,467,115
464,402,456,100
464,402,440,81
464,402,431,72
464,402,347,19
464,402,306,7
464,402,268,2
464,402,85,444
467,397,509,281
467,397,507,219
467,397,499,182
467,397,488,153
467,397,474,125
467,397,448,90
467,397,417,60
467,397,299,6
467,397,262,2
467,397,256,2
467,397,95,452
471,392,486,365
471,392,505,306
471,392,510,262
471,392,501,188
471,392,491,159
471,392,456,100
471,392,330,13
471,392,293,5
471,392,287,4
471,392,268,2
471,392,250,2
471,392,105,460
474,387,495,342
474,387,510,262
474,387,501,188
474,387,347,19
474,387,287,4
474,387,281,3
474,387,275,3
474,387,268,2
477,381,510,244
477,381,464,110
477,381,412,56
477,381,402,48
477,381,397,45
477,381,281,3
477,381,275,3
477,381,262,2
480,376,486,365
480,376,491,353
480,376,499,182
480,376,486,147
480,376,422,64
480,376,397,45
480,376,392,41
480,376,342,17
480,376,330,13
480,376,268,2
480,376,262,2
480,376,256,2
480,376,250,2
483,370,499,182
483,370,495,170
483,370,427,68
483,370,407,52
483,370,402,48
483,370,392,41
483,370,353,21
483,370,318,10
483,370,262,2
483,370,256,2
483,370,250,2
483,370,244,2
486,365,491,353
486,365,504,312
486,365,491,159
486,365,477,131
486,365,471,120
486,365,440,81
486,365,427,68
486,365,412,56
486,365,387,38
486,365,324,11
486,365,250,2
486,365,244,2
486,365,237,3
486,365,231,3
488,359,501,188
488,359,497,176
488,359,444,85
488,359,436,76
488,359,431,72
488,359,417,60
488,359,244,2
488,359,237,3
488,359,231,3
491,353,495,342
491,353,497,336
491,353,501,324
491,353,499,182
491,353,460,105
491,353,444,85
491,353,330,13
491,353,306,7
491,353,231,3
491,353,225,4
493,347,501,188
493,347,448,90
493,347,436,76
493,347,397,45
493,347,219,5
495,342,501,188
495,342,495,170
495,342,467,115
495,342,456,100
495,342,397,45
495,342,392,41
495,342,312,8
497,336,501,188
497,336,471,120
497,336,376,32
499,330,502,194
499,330,480,136
499,330,452,95
499,330,402,48
499,330,387,38
499,330,293,5
501,324,504,312
501,324,504,200
501,324,502,194
501,324,491,159
501,324,483,142
501,324,353,21
501,324,299,6
502,318,505,206
502,318,407,52
502,318,365,26
502,318,347,19
504,312,509,281
504,312,506,213
504,312,486,147
504,312,471,120
504,312,353,21
504,312,293,5
505,306,508,225
505,306,387,38
506,299,510,244
506,299,268,2
506,299,105,460
507,293,412,56
507,293,330,13
507,293,206,7
507,293,110,464
507,293,115,467
508,287,502,194
508,287,471,120
508,287,370,29
508,287,318,10
508,287,206,7
508,287,115,467
508,287,120,471
509,281,510,268
509,281,507,219
509,281,436,76
509,281,225,4
509,281,188,11
509,281,176,15
509,281,120,471
509,281,125,474
509,275,359,24
509,275,275,3
509,275,219,5
509,275,213,6
509,275,188,11
509,275,170,17
509,275,159,21
509,275,131,477
510,268,509,231
510,268,381,35
510,268,176,15
510,268,170,17
510,268,165,19
510,268,159,21
510,268,153,24
510,268,136,480
510,262,159,21
510,262,153,24
510,262,147,26
510,262,142,483
510,256,165,19
510,256,159,21
510,250,293,5
510,250,182,13
510,250,147,26
510,250,142,29
510,244,509,231
510,244,182,13
510,244,165,19
509,237,250,2
509,237,244,2
509,237,219,5
509,237,165,19
509,231,504,200
509,231,153,24
509,231,142,29
508,225,206,7
508,225,170,17
508,225,153,24
508,225,136,32
508,225,131,35
507,219,219,5
507,219,206,7
507,219,176,15
507,219,136,32
507,219,131,35
507,219,125,38
507,219,120,41
506,213,495,170
506,213,460,105
506,213,165,19
506,213,125,38
506,213,120,41
505,206,504,200
505,206,407,52
505,206,188,11
505,206,182,13
505,206,165,19
505,206,153,24
505,206,142,29
504,200,501,188
504,200,486,147
504,200,287,4
504,200,153,24
504,200,142,29
504,200,136,32
504,200,131,35
502,194,159,21
502,194,153,24
502,194,120,41
501,188,491,159
501,188,467,115
501,188,170,17
501,188,159,21
501,188,147,26
501,188,120,41
501,188,115,45
501,188,110,48
501,188,105,52
499,182,147,26
499,182,131,35
499,182,110,48
499,182,100,56
497,176,324,11
497,176,287,4
497,176,219,5
497,176,153,24
497,176,147,26
497,176,131,35
497,176,125,38
497,176,120,41
497,176,110,48
497,176,3,275
495,170,491,159
495,170,474,125
495,170,427,68
495,170,153,24
495,170,136,32
495,170,110,48
495,170,100,56
495,170,2,268
495,170,3,275
495,170,4,287
493,165,213,6
493,165,142,29
493,165,131,35
493,165,115,45
493,165,110,48
493,165,105,52
493,165,100,56
493,165,3,281
493,165,4,287
493,165,6,299
491,159,486,147
491,159,474,125
491,159,200,8
491,159,115,45
491,159,105,52
491,159,100,56
491,159,85,68
491,159,3,275
491,159,3,281
491,159,5,293
491,159,6,299
488,153,422,64
488,153,153,24
488,153,115,45
488,153,105,52
488,153,100,56
488,153,81,72
488,153,3,275
488,153,4,287
488,153,5,293
488,153,7,306
488,153,8,312
488,153,11,324
486,147,480,136
486,147,471,120
486,147,440,81
486,147,213,6
486,147,159,21
486,147,136,32
486,147,100,56
486,147,81,72
486,147,3,281
486,147,4,287
486,147,6,299
486,147,7,306
486,147,10,318
486,147,11,324
483,142,188,11
483,142,165,19
483,142,142,29
483,142,136,32
483,142,131,35
483,142,76,76
483,142,72,81
483,142,5,293
483,142,8,312
483,142,10,318
483,142,13,330
480,136,427,68
480,136,206,7
480,136,153,24
480,136,147,26
480,136,115,45
480,136,105,52
480,136,72,81
480,136,3,281
480,136,7,306
480,136,11,324
480,136,13,330
480,136,19,347
480,136,21,353
477,131,250,2
477,131,237,3
477,131,115,45
477,131,110,48
477,131,105,52
477,131,95,60
477,131,81,72
477,131,76,76
477,131,72,81
477,131,4,287
477,131,10,318
477,131,15,336
477,131,21,353
474,125,213,6
474,125,147,26
474,125,120,41
474,125,115,45
474,125,105,52
474,125,100,56
474,125,95,60
474,125,90,64
474,125,81,72
474,125,76,76
474,125,72,81
474,125,68,85
474,125,4,287
474,125,8,312
474,125,13,330
474,125,19,347
474,125,21,353
474,125,24,359
471,120,464,110
471,120,436,76
471,120,188,11
471,120,170,17
471,120,125,38
471,120,100,56
471,120,90,64
471,120,76,76
471,120,72,81
471,120,68,85
471,120,5,293
471,120,6,299
471,120,10,318
471,120,11,324
471,120,17,342
471,120,24,359
467,115,213,6
467,115,182,13
467,115,165,19
467,115,153,24
467,115,142,29
467,115,136,32
467,115,125,38
467,115,115,45
467,115,110,48
467,115,105,52
467,115,100,56
467,115,95,60
467,115,90,64
467,115,76,76
467,115,68,85
467,115,7,306
467,115,10,318
467,115,15,336
467,115,21,353
467,115,24,359
467,115,26,365
464,110,444,85
464,110,275,3
464,110,170,17
464,110,147,26
464,110,115,45
464,110,105,52
464,110,100,56
464,110,95,60
464,110,76,76
464,110,72,81
464,110,68,85
464,110,6,299
464,110,13,330
460,105,370,29
460,105,153,24
460,105,120,41
460,105,76,76
460,105,72,81
460,105,68,85
460,105,8,312
460,105,17,342
460,105,29,370
456,100,188,11
456,100,170,17
456,100,159,21
456,100,147,26
456,100,136,32
456,100,131,35
456,100,120,41
456,100,115,45
456,100,110,48
456,100,105,52
456,100,100,56
456,100,90,64
456,100,85,68
456,100,76,76
456,100,68,85
452,95,336,15
452,95,194,10
452,95,188,11
452,95,176,15
452,95,165,19
452,95,142,29
452,95,120,41
452,95,72,81
452,95,68,85
452,95,32,376
448,90,330,13
448,90,200,8
448,90,182,13
448,90,170,17
448,90,136,32
448,90,95,60
448,90,81,72
448,90,68,85
444,85,436,76
444,85,381,35
444,85,324,11
444,85,206,7
444,85,182,13
444,85,147,26
444,85,142,29
444,85,125,38
444,85,100,56
444,85,85,68
444,85,81,72
444,85,68,85
444,85,64,90
440,81,213,6
440,81,170,17
440,81,153,24
440,81,131,35
440,81,115,45
440,81,90,64
440,81,81,72
440,81,68,85
440,81,64,90
440,81,10,318
436,76,427,68
436,76,392,41
436,76,275,3
436,76,170,17
436,76,153,24
436,76,125,38
436,76,110,48
436,76,105,52
436,76,76,76
436,76,64,90
436,76,13,330
431,72,324,11
431,72,219,5
431,72,165,19
431,72,136,32
431,72,100,56
431,72,85,68
431,72,81,72
431,72,64,90
427,68,402,48
427,68,176,15
427,68,159,21
427,68,147,26
427,68,120,41
427,68,110,48
427,68,90,64
427,68,10,318
422,64,225,4
422,64,176,15
422,64,165,19
422,64,95,60
422,64,76,76
422,64,64,90
422,64,11,324
422,64,13,330
417,60,231,3
417,60,165,19
417,60,76,76
417,60,60,95
417,60,11,324
417,60,15,336
412,56,219,5
412,56,194,10
412,56,170,17
412,56,159,21
412,56,142,29
412,56,115,45
412,56,105,52
412,56,100,56
412,56,90,64
412,56,85,68
412,56,81,72
412,56,76,76
412,56,72,81
412,56,60,95
412,56,13,330
412,56,15,336
412,56,19,347
412,56,26,365
407,52,392,41
407,52,225,4
407,52,170,17
407,52,115,45
407,52,17,342
407,52,32,376
402,48,347,19
402,48,125,38
402,48,115,45
402,48,72,81
402,48,15,336
402,48,21,353
402,48,29,370
402,48,38,387
397,45,182,13
397,45,170,17
397,45,159,21
397,45,136,32
397,45,110,48
397,45,90,64
397,45,76,76
397,45,19,347
397,45,26,365
397,45,32,376
397,45,35,381
392,41,370,29
392,41,306,7
392,41,194,10
392,41,170,17
392,41,153,24
392,41,131,35
392,41,120,41
392,41,81,72
392,41,68,85
392,41,17,342
392,41,21,353
392,41,24,359
392,41,29,370
392,41,32,376
392,41,41,392
392,41,45,397
387,38,365,26
387,38,330,13
387,38,244,2
387,38,147,26
387,38,110,48
387,38,81,72
387,38,72,81
387,38,19,347
387,38,21,353
387,38,26,365
387,38,35,381
387,38,48,402
381,35,170,17
381,35,136,32
381,35,85,68
381,35,24,359
381,35,32,376
381,35,45,397
376,32,353,21
376,32,176,15
376,32,153,24
376,32,131,35
376,32,100,56
376,32,95,60
376,32,64,90
376,32,26,365
376,32,29,370
376,32,38,387
376,32,52,407
370,29,225,4
370,29,159,21
370,29,90,64
370,29,68,85
370,29,24,359
370,29,32,376
370,29,35,381
365,26,342,17
365,26,324,11
365,26,231,3
365,26,165,19
365,26,147,26
365,26,120,41
365,26,76,76
365,26,24,359
365,26,38,387
365,26,41,392
359,24,170,17
359,24,165,19
359,24,105,52
359,24,81,72
359,24,45,397
359,24,48,402
353,21,342,17
353,21,330,13
353,21,312,8
353,21,188,11
353,21,182,13
353,21,176,15
353,21,170,17
353,21,110,48
353,21,85,68
353,21,35,381
353,21,56,412
347,19,200,8
347,19,194,10
347,19,142,29
347,19,115,45
347,19,95,60
347,19,68,85
347,19,60,95
347,19,41,392
347,19,64,422
342,17,206,7
342,17,182,13
342,17,100,56
342,17,72,81
336,15,213,6
336,15,115,45
336,15,90,64
336,15,52,407
330,13,219,5
330,13,194,10
330,13,60,95
330,13,56,100
330,13,60,417
324,11,312,8
324,11,268,2
324,11,225,4
324,11,95,60
324,11,68,85
324,11,68,427
318,10,200,8
318,10,125,38
318,10,120,41
318,10,60,95
312,8,281,3
312,8,262,2
312,8,231,3
312,8,131,35
306,7,147,26
306,7,72,81
299,6,159,21
299,6,105,52
299,6,81,72
293,5,206,7
293,5,153,24
293,5,115,45
287,4,231,3
287,4,170,17
281,3,268,2
281,3,244,2
268,2,165,19
256,2,170,17
244,2,231,3
244,2,176,15
231,3,200,8
206,7,200,8
206,7,136,32
206,7,38,125
200,8,188,11
200,8,159,21
188,11,170,17
188,11,35,131
176,15,110,48
170,17,159,21
170,17,147,26
165,19,120,41
165,19,35,131
159,21,147,26
159,21,125,38
147,26,136,32
147,26,120,41
147,26,24,153
131,35,76,76
131,35,72,81
131,35,15,176
131,35,11,188
125,38,76,76
125,38,10,194
120,41,110,48
120,41,85,68
115,45,19,165
115,45,7,206
115,45,6,213
110,48,90,64
100,56,24,153
100,56,8,200
100,56,2,268
95,60,2,250
95,60,3,281
95,60,5,293
90,64,8,312
90,64,13,330
85,68,76,76
85,68,38,125
85,68,7,206
85,68,7,306
85,68,11,324
85,68,15,336
85,68,17,342
85,68,19,347
85,68,21,353
85,68,24,359
85,68,26,365
81,72,10,194
81,72,4,287
81,72,7,306
81,72,10,318
81,72,11,324
81,72,13,330
81,72,19,347
81,72,26,365
81,72,29,370
76,76,68,85
76,76,11,188
76,76,6,299
76,76,8,312
76,76,15,336
76,76,26,365
76,76,29,370
76,76,35,381
72,81,17,170
72,81,2,244
72,81,5,293
72,81,10,318
72,81,19,347
72,81,26,365
72,81,41,392
68,85,48,110
68,85,41,120
68,85,3,237
68,85,2,250
68,85,3,275
68,85,4,287
68,85,7,306
68,85,13,330
68,85,26,365
68,85,48,402
64,90,6,213
64,90,2,268
64,90,11,324
64,90,38,387
64,90,45,397
64,90,56,412
60,95,8,200
60,95,3,237
60,95,2,262
60,95,10,318
60,95,41,392
60,95,64,422
56,100,11,188
56,100,7,206
56,100,3,231
56,100,41,392
56,100,52,407
56,100,72,431
56,100,81,440
52,105,10,194
52,105,7,306
52,105,45,397
52,105,85,444
48,110,41,120
48,110,11,188
48,110,7,206
48,110,3,231
48,110,64,422
48,110,68,427
48,110,95,452
45,115,13,182
45,115,90,448
45,115,110,464
45,115,120,471
45,115,125,474
41,120,26,147
41,120,13,182
41,120,4,225
41,120,76,436
41,120,100,456
41,120,115,467
41,120,136,480
41,120,142,483
38,125,26,147
38,125,21,159
38,125,48,402
38,125,81,440
38,125,110,464
38,125,153,488
38,125,159,491
35,131,15,176
35,131,48,402
35,131,56,412
35,131,131,477
35,131,153,488
35,131,165,493
35,131,170,495
32,136,110,464
32,136,125,474
32,136,136,480
32,136,159,491
32,136,176,497
32,136,182,499
32,136,237,509
29,142,56,412
29,142,105,460
29,142,110,464
29,142,147,486
29,142,170,495
29,142,188,501
29,142,194,502
29,142,200,504
29,142,206,505
29,142,250,510
29,142,256,510
26,147,21,159
26,147,8,200
26,147,13,330
26,147,131,477
26,147,142,483
26,147,147,486
26,147,159,491
26,147,165,493
26,147,182,499
26,147,194,502
26,147,200,504
26,147,206,505
26,147,219,507
26,147,225,508
26,147,244,510
24,153,45,397
24,153,60,417
24,153,85,444
24,153,100,456
24,153,125,474
24,153,159,491
24,153,176,497
24,153,182,499
24,153,206,505
24,153,213,506
24,153,219,507
24,153,231,509
24,153,237,509
24,153,244,510
21,159,15,176
21,159,11,188
21,159,56,412
21,159,120,471
21,159,136,480
21,159,153,488
21,159,170,495
21,159,176,497
21,159,200,504
21,159,206,505
21,159,213,506
21,159,219,507
21,159,231,509
21,159,237,509
21,159,244,510
21,159,250,510
21,159,256,510
19,165,115,467
19,165,131,477
19,165,147,486
19,165,165,493
19,165,194,502
19,165,213,506
19,165,225,508
19,165,231,509
19,165,237,509
19,165,244,510
19,165,250,510
19,165,256,510
17,170,52,407
17,170,136,480
17,170,159,491
17,170,176,497
17,170,188,501
17,170,200,504
17,170,206,505
17,170,213,506
17,170,219,507
17,170,231,509
17,170,237,509
17,170,250,510
17,170,256,510
15,176,6,299
15,176,64,422
15,176,131,477
15,176,153,488
15,176,170,495
15,176,188,501
15,176,194,502
15,176,206,505
15,176,213,506
15,176,219,507
15,176,225,508
15,176,231,509
15,176,237,509
15,176,244,510
15,176,250,510
15,176,256,510
13,182,21,353
13,182,56,412
13,182,95,452
13,182,131,477
13,182,147,486
13,182,182,499
13,182,200,504
13,182,206,505
13,182,213,506
13,182,219,507
13,182,225,508
13,182,231,509
13,182,237,509
13,182,244,510
13,182,250,510
13,182,256,510
11,188,8,200
11,188,2,244
11,188,81,440
11,188,100,456
11,188,110,464
11,188,115,467
11,188,120,471
11,188,125,474
11,188,131,477
11,188,136,480
11,188,142,483
11,188,147,486
11,188,153,488
11,188,159,491
11,188,165,493
11,188,170,495
11,188,176,497
11,188,182,499
11,188,188,501
11,188,194,502
11,188,200,504
11,188,206,505
11,188,213,506
11,188,219,507
11,188,231,509
11,188,237,509
11,188,250,510
11,188,256,510
10,194,52,407
10,194,85,444
10,194,105,460
10,194,120,471
10,194,131,477
10,194,142,483
10,194,159,491
10,194,200,504
10,194,231,509
10,194,250,510
10,194,256,510
8,200,7,206
8,200,3,231
8,200,52,407
8,200,95,452
8,200,105,460
8,200,115,467
8,200,120,471
8,200,131,477
8,200,142,483
8,200,153,488
8,200,182,499
7,206,68,427
7,206,85,444
7,206,100,456
7,206,110,464
7,206,125,474
7,206,147,486
7,206,176,497
7,206,194,502
7,206,206,505
7,206,219,507
6,213,7,306
6,213,10,318
6,213,81,440
6,213,90,448
6,213,115,467
6,213,213,506
6,213,250,510
5,219,95,452
5,219,120,471
5,219,165,493
5,219,206,505
5,219,256,510
4,225,45,397
4,225,56,412
4,225,68,427
4,225,76,436
4,225,85,444
4,225,100,456
4,225,110,464
4,225,125,474
4,225,147,486
4,225,170,495
4,225,194,502
4,225,206,505
4,225,219,507
4,225,237,509
3,231,2,244
3,231,3,281
3,231,17,342
3,231,45,397
3,231,81,440
3,231,105,460
3,231,120,471
3,231,131,477
3,231,170,495
3,231,244,510
3,237,21,353
3,237,64,422
3,237,81,440
3,237,100,456
3,237,110,464
3,237,188,501
3,237,250,510
2,244,2,268
2,244,60,417
2,244,76,436
2,244,95,452
2,244,142,483
2,244,159,491
2,244,188,501
2,244,219,507
2,244,225,508
2,250,72,431
2,250,120,471
2,250,159,491
2,250,206,505
2,250,244,510
2,256,11,324
2,256,52,407
2,256,81,440
2,256,90,448
2,256,95,452
2,256,110,464
2,256,115,467
2,256,131,477
2,256,194,502
2,256,200,504
2,262,68,427
2,262,81,440
2,262,95,452
2,262,147,486
2,268,3,281
2,268,8,312
2,268,182,499
3,275,24,359
3,275,76,436
3,275,95,452
3,275,110,464
3,275,194,502
3,275,219,507
3,281,7,306
3,281,64,422
3,281,125,474
3,281,194,502
3,281,200,504
3,281,237,509
4,287,72,431
4,287,105,460
5,293,125,474
6,299,76,436
6,299,95,452
6,299,131,477
6,299,142,483
6,299,182,499
6,299,250,510
8,312,11,324
10,318,231,509
11,324,142,483
11,324,237,509
15,336,17,342
19,347,21,353
19,347,26,365
19,347,225,508
24,359,165,493
24,359,176,497
26,365,29,370
32,376,35,381
32,376,90,448
32,376,206,505
38,387,250,510
41,392,45,397
41,392,244,510
45,397,48,402
45,397,237,509
48,402,68,427
52,407,250,510
68,427,76,436
68,427,120,471
72,431,219,507
76,436,85,444
76,436,110,464
81,440,244,510
85,444,105,460
85,444,231,509
85,444,237,509
90,448,194,502
90,448,256,510
100,456,244,510
105,460,250,510
110,464,120,471
115,467,200,504
120,471,147,486
120,471,225,508
125,474,147,486
125,474,159,491
125,474,188,501
142,483,225,508
147,486,159,491
153,488,219,507
159,491,170,495
159,491,176,497
159,491,188,501
188,501,200,504
188,501,250,510
200,504,206,505
200,504,231,509
200,504,244,510
231,509,244,510
